66.4004602432251 1.1730871200561523 184.34576416015625 4.728240251541138 378.33939385414124 10.363431453704834 
2001
31.22631859779358 0.5652234554290771 100.30800867080688 2.580416679382324 191.98289823532104 5.391334295272827 
1001
8.146944761276245 0.2492375373840332 25.789496421813965 2.6114344596862793 50.78361487388611 4.57182240486145 
251
5.300210237503052 0.21432161331176758 57.007445096969604 4.238860130310059 176.20914506912231 8.15081238746643 
168
92.55229210853577 0.42362451553344727 113.27000522613525 4.2877278327941895 73.76504421234131 4.44527792930603 
126
5.058591604232788 0.2567596435546875 12.111358642578125 2.35115909576416 21.742494821548462 4.799059867858887 
101
