65.40922689437866 1.1679975986480713 188.57340741157532 4.484103441238403 1197.8162236213684 19.028557538986206 
2001
760.2921946048737 1.022329330444336 413.065390586853 2.7125489711761475 453.98912930488586 5.740337610244751 
1001
11.131837606430054 0.25940465927124023 86.55875253677368 2.655564069747925 162.9197907447815 4.727077007293701 
251
7.428053855895996 0.22216010093688965 63.575932025909424 2.4040720462799072 200.25836753845215 4.481316328048706 
168
5.553472518920898 0.241194486618042 58.43604922294617 2.4783871173858643 46681.7630815506 4.256045818328857 
126
4.338276147842407 0.21397185325622559 46.79296064376831 2.291184425354004 1379.8730494976044 7.982397794723511 
101
