40.007739543914795 0.06382274627685547 102.67834949493408 0.23624777793884277 164.85264039039612 0.6867094039916992 
97
37.43706226348877 0.03199481964111328 91.76031064987183 0.23030853271484375 139.81349515914917 0.5740869045257568 
49
21.724231481552124 0.025913476943969727 53.3986873626709 0.19933056831359863 77.33899235725403 0.5411932468414307 
13
18.32797884941101 0.02498030662536621 43.75017833709717 0.1823110580444336 76.51981973648071 0.4733400344848633 
9
15.053403377532959 0.0229341983795166 53.68355917930603 0.1774294376373291 58.33482599258423 0.5044586658477783 
7
15.597935199737549 0.023920297622680664 35.76690649986267 0.1784050464630127 14.173933744430542 0.4873776435852051 
6
