503.40817880630493 0.11772036552429199 1489.9311990737915 0.4455084800720215 5155.613488197327 1.3406023979187012 
97
530.7985968589783 0.05890965461730957 424.3504378795624 0.4535222053527832 439.6073668003082 1.1103651523590088 
49
145.4335639476776 0.04691290855407715 437.79466104507446 0.38275766372680664 260.39506697654724 1.0216639041900635 
13
124.34826874732971 0.04186058044433594 557.9891090393066 0.37976717948913574 177.34443068504333 0.9927723407745361 
9
134.01704025268555 0.04186058044433594 499.7200219631195 0.3588442802429199 116.87369298934937 1.053415060043335 
7
237.17538475990295 0.04395604133605957 307.5054121017456 0.3578760623931885 94.5931224822998 1.0106689929962158 
6
