292.73859572410583 0.11753726005554199 319.0527367591858 0.4475367069244385 312.5043797492981 1.364516019821167 
97
179.13197565078735 0.05880856513977051 966.1533396244049 0.4514951705932617 221.98617100715637 1.1191744804382324 
49
138.47444772720337 0.04684925079345703 295.9248912334442 0.3827521800994873 114.19821834564209 1.018634557723999 
13
196.50510382652283 0.04484748840332031 294.6083788871765 0.39783620834350586 116.39672589302063 1.0246946811676025 
9
108.8269419670105 0.04185819625854492 134.62561011314392 0.35687804222106934 36.749305725097656 1.0076701641082764 
7
70.4725456237793 0.043854713439941406 253.32704663276672 0.3584461212158203 49.36227869987488 0.9927582740783691 
6
