4.336812734603882 0.060873985290527344 12.292842388153076 0.22930622100830078 22.097979068756104 0.6738259792327881 
97
12.750123262405396 0.031998634338378906 11.85145092010498 0.22830724716186523 12.29501724243164 0.576153039932251 
49
1.255875587463379 0.02690887451171875 60.843313455581665 0.191361665725708 191.52139949798584 0.5012917518615723 
13
16.86691904067993 0.022994041442871094 65.45764327049255 0.18146419525146484 177.2246334552765 0.47438859939575195 
9
22.433247804641724 0.019994735717773438 60.087799072265625 0.2163388729095459 142.44003868103027 0.49933505058288574 
7
18.33038330078125 0.022025585174560547 52.80101752281189 0.1764698028564453 118.32096791267395 0.49341392517089844 
6
