12.570636510848999 0.059912919998168945 57.63771843910217 0.22425127029418945 92.07636094093323 0.6728250980377197 
97
11.189974784851074 0.031961679458618164 48.254077672958374 0.22435545921325684 88.75001287460327 0.6117606163024902 
49
7.866013050079346 0.025980710983276367 33.56071901321411 0.21335268020629883 41.16702961921692 0.5396060943603516 
13
7.759263515472412 0.023920297622680664 36.64804768562317 0.20633864402770996 34.68918538093567 0.5177814960479736 
9
5.070056676864624 0.02394866943359375 31.8185555934906 0.19870734214782715 50.608806133270264 0.5430178642272949 
7
4.506293773651123 0.023999691009521484 35.171757221221924 0.20031285285949707 13.93716025352478 0.5382080078125 
6
