23.729194402694702 0.06677865982055664 84.6817946434021 0.22732329368591309 131.70095944404602 0.6877048015594482 
97
19.27997589111328 0.03186440467834473 72.72538948059082 0.24019837379455566 124.61951208114624 0.5614299774169922 
49
10.840968608856201 0.023997068405151367 46.48941087722778 0.19145441055297852 61.98118042945862 0.5033226013183594 
13
10.658065557479858 0.022925853729248047 49.4845404624939 0.18837952613830566 33.97234010696411 0.474592924118042 
9
8.482726812362671 0.022006750106811523 42.343682050704956 0.17849040031433105 12.868840217590332 0.49832820892333984 
7
6.4022369384765625 0.023921728134155273 22.183753490447998 0.1774132251739502 11.183465242385864 0.4893686771392822 
6
