346.31614208221436 0.11664247512817383 421.0748198032379 0.23023056983947754 133.22467947006226 0.6741032600402832 
97
17.74384641647339 0.030014991760253906 65.79230546951294 0.23529410362243652 123.917165517807 0.539264440536499 
49
9.402710199356079 0.024982690811157227 44.82182168960571 0.1955256462097168 56.65310287475586 0.5123543739318848 
13
9.703406810760498 0.022920846939086914 51.08516240119934 0.19443273544311523 48.18714928627014 0.4624769687652588 
9
7.201684474945068 0.02104020118713379 47.08191108703613 0.17843079566955566 11.153772592544556 0.5012891292572021 
7
8.515413045883179 0.023888111114501953 15.530431032180786 0.1784052848815918 15.839842796325684 0.49434828758239746 
6
