18.18255352973938 0.06179451942443848 70.34777569770813 0.23229503631591797 113.72301173210144 0.6867389678955078 
97
17.84484624862671 0.031929731369018555 52.99529480934143 0.2332167625427246 94.34849214553833 0.5601975917816162 
49
8.97264289855957 0.02499222755432129 44.717042446136475 0.19335031509399414 64.31607270240784 0.5002987384796143 
13
6.788770437240601 0.0230410099029541 46.80138087272644 0.18936395645141602 34.88429117202759 0.478299617767334 
9
5.363553762435913 0.02302861213684082 14.964388370513916 0.18239498138427734 20.221424102783203 0.49634647369384766 
7
8.671043872833252 0.02402472496032715 12.258702993392944 0.1843852996826172 14.844831943511963 0.49929237365722656 
6
