16.636250257492065 0.06385684013366699 96.20087885856628 0.24618029594421387 176.8444118499756 0.680732250213623 
97
16.910832405090332 0.03196310997009277 48.78787565231323 0.229231595993042 66.78297162055969 0.5512347221374512 
49
7.430325031280518 0.025973796844482422 43.703057289123535 0.204315185546875 62.97220230102539 0.5073206424713135 
13
14.461666822433472 0.0230255126953125 46.801849603652954 0.19235849380493164 25.113999366760254 0.483349084854126 
9
4.977741479873657 0.022028684616088867 23.655824422836304 0.18737030029296875 11.373237371444702 0.4913618564605713 
7
5.533142566680908 0.023037195205688477 18.537654161453247 0.17940974235534668 19.90597677230835 0.49036502838134766 
6
