32.47490429878235 0.06777596473693848 82.31892585754395 0.24754714965820312 137.14859700202942 0.7552120685577393 
97
28.33167290687561 0.03296613693237305 80.30293154716492 0.25755977630615234 114.81612968444824 0.6219234466552734 
49
18.237215518951416 0.02599358558654785 40.64034628868103 0.2172400951385498 66.33934807777405 0.5719623565673828 
13
15.272166967391968 0.023898601531982422 37.46563172340393 0.2230091094970703 25.348289966583252 0.5138185024261475 
9
11.11053729057312 0.023911714553833008 40.604249477386475 0.19833087921142578 17.055096864700317 0.5516412258148193 
7
9.74494457244873 0.023903846740722656 41.33048892021179 0.20070934295654297 83.67189955711365 0.48836755752563477 
6
