86.92622756958008 0.07375240325927734 185.9747564792633 0.250230073928833 273.76685976982117 0.6926858425140381 
97
110.65669560432434 0.03594398498535156 135.29705905914307 0.25022411346435547 158.24040746688843 0.5781469345092773 
49
28.315288543701172 0.024913311004638672 76.32658863067627 0.19542264938354492 1944.0244460105896 1.0146894454956055 
13
146.0906081199646 0.029964923858642578 27.965214252471924 0.20920395851135254 11.656246900558472 0.4943106174468994 
9
17.0661940574646 0.023993253707885742 17.075334548950195 0.19443511962890625 25.486086130142212 0.509310245513916 
7
18.77425718307495 0.024916887283325195 9.546616554260254 0.19933056831359863 9.023887395858765 0.519233226776123 
6
