2519.9371342658997 0.11669039726257324 926.5755188465118 0.446575403213501 859.6708519458771 1.3422214984893799 
97
339.6854121685028 0.05783724784851074 869.5014719963074 0.45449376106262207 711.4632358551025 1.1232588291168213 
49
191.50749564170837 0.04687333106994629 862.7166442871094 0.377810001373291 256.25572061538696 0.9976022243499756 
13
232.68307995796204 0.04192757606506348 825.2827603816986 0.3717617988586426 189.90988945960999 0.9429275989532471 
9
248.38693857192993 0.0399320125579834 336.3783850669861 0.3557319641113281 59.6462197303772 1.0127363204956055 
7
99.63817620277405 0.0438539981842041 204.27682256698608 0.3627901077270508 35.60598707199097 0.9916551113128662 
6
