8.137868642807007 0.07375431060791016 15.356805801391602 0.31096458435058594 24.945843935012817 0.815279483795166 
97
4.655483722686768 0.038872718811035156 9.006978273391724 0.28803133964538574 17.10897421836853 0.6657755374908447 
49
1.181061029434204 0.029900550842285156 2.29933500289917 0.2322390079498291 3.9637844562530518 0.631889820098877 
13
1.0873773097991943 0.025916099548339844 1.9674441814422607 0.23122167587280273 16.747173070907593 0.5990045070648193 
9
0.5681052207946777 0.024921655654907227 1.6375398635864258 0.21229863166809082 2.705981492996216 0.6338768005371094 
7
0.47441768646240234 0.028905868530273438 1.58372163772583 0.21727252006530762 42.59700036048889 0.5770797729492188 
6
