176.38403916358948 0.11661076545715332 602.2575168609619 0.44512414932250977 1548.1549324989319 1.352529525756836 
97
131.03101181983948 0.05881023406982422 164.8153097629547 0.45746922492980957 159.46573328971863 1.1072986125946045 
49
62.28845572471619 0.04684329032897949 152.31125378608704 0.37981224060058594 214.60621428489685 1.003124475479126 
13
48.95141410827637 0.041860103607177734 145.94186806678772 0.37096095085144043 52.69948482513428 0.944913387298584 
9
95.61439228057861 0.04186582565307617 142.72398471832275 0.355879545211792 67.42428421974182 1.0177063941955566 
7
35.091970920562744 0.04391622543334961 64.16711807250977 0.3618628978729248 49.631184101104736 0.9996337890625 
6
