4.156498432159424 0.0618746280670166 11.316582918167114 0.22325396537780762 20.962753534317017 0.6727523803710938 
97
2.3113620281219482 0.031983137130737305 7.685147047042847 0.2461714744567871 22.417086601257324 0.560199499130249 
49
0.7654600143432617 0.027014970779418945 3.0899569988250732 0.208296537399292 5.008394718170166 0.49640703201293945 
13
0.934821367263794 0.023017406463623047 7.61345911026001 0.1824641227722168 26.19138765335083 0.4744863510131836 
9
0.42848896980285645 0.022035598754882812 7.91228723526001 0.17847371101379395 118.52005624771118 0.5103673934936523 
7
2.3701019287109375 0.024025678634643555 13.352781772613525 0.17946934700012207 49.2933247089386 0.4933629035949707 
6
