4.412586450576782 0.06489038467407227 12.789031744003296 0.25018835067749023 22.630393981933594 0.7487175464630127 
97
2.982233762741089 0.0319674015045166 8.025727033615112 0.23627400398254395 24.737433433532715 0.5522189140319824 
49
1.0335240364074707 0.025022268295288086 28.853055000305176 0.18843960762023926 237.8924114704132 1.0285658836364746 
13
9.508385181427002 0.04185938835144043 107.4422435760498 0.3896353244781494 272.2918577194214 1.0435290336608887 
9
13.665392637252808 0.04584503173828125 105.17655205726624 0.38870882987976074 210.67270159721375 0.5691897869110107 
7
8.057098627090454 0.02492356300354004 43.93054962158203 0.22923636436462402 123.1256103515625 0.559215784072876 
6
