8.218533515930176 0.12103891372680664 25.359492301940918 0.4690840244293213 43.06178092956543 1.4120807647705078 
192
6.146269083023071 0.08214354515075684 23.162914752960205 0.4410719871520996 55.149553060531616 1.2010653018951416 
97
4.443174362182617 0.06106901168823242 80.73214149475098 0.33507537841796875 325.2629520893097 1.069075584411621 
25
11.622565507888794 0.05507779121398926 105.29151654243469 0.3540058135986328 411.73606610298157 0.9910187721252441 
17
24.051809072494507 0.056113481521606445 140.64445686340332 0.3380849361419678 286.46075415611267 1.0530080795288086 
13
19.96725869178772 0.05608010292053223 106.9299373626709 0.3480715751647949 253.66320276260376 1.0166852474212646 
11
