8.228971481323242 0.11700892448425293 23.922868967056274 0.45608067512512207 42.297473430633545 1.3530774116516113 
192
5.035488843917847 0.07703375816345215 23.495362997055054 0.4150867462158203 34.72075915336609 1.1380772590637207 
97
8.040462017059326 0.06107473373413086 170.7716944217682 0.3400719165802002 377.30591440200806 1.069077491760254 
25
24.696943998336792 0.05603146553039551 153.6458659172058 0.3550739288330078 320.8297793865204 0.9730687141418457 
17
33.7143030166626 0.05707144737243652 163.84870862960815 0.3400089740753174 250.97616052627563 1.0560181140899658 
13
43.00019884109497 0.05807638168334961 128.841050863266 0.3440706729888916 273.28887915611267 1.004899501800537 
11
