20.148888111114502 0.11768794059753418 109.54981017112732 0.44554901123046875 406.3194682598114 1.4142751693725586 
192
12.02291202545166 0.0817270278930664 32.958680152893066 0.43953442573547363 55.01456427574158 1.1332519054412842 
97
7.048810005187988 0.0657799243927002 50.32656121253967 0.36784982681274414 86.042475938797 1.1043765544891357 
25
5.881503105163574 0.057882070541381836 47.4628164768219 0.35282373428344727 11.74450945854187 0.999746561050415 
17
9.523597955703735 0.05980086326599121 41.15728187561035 0.33994174003601074 14.813030481338501 1.0425159931182861 
13
7.659055471420288 0.05987548828125 7.638790845870972 0.38172006607055664 9.482845306396484 0.9886977672576904 
11
