106.5951635837555 0.1320664882659912 156.02358198165894 0.4680030345916748 259.91062092781067 1.394113540649414 
192
40.960339307785034 0.07908368110656738 124.86965799331665 0.4224536418914795 234.20757508277893 1.1550090312957764 
97
24.592439889907837 0.0590665340423584 99.27141499519348 0.34603214263916016 143.75111889839172 1.0680124759674072 
25
27.294471502304077 0.05999493598937988 104.23557043075562 0.35198235511779785 34.70331430435181 0.9820098876953125 
17
22.027443647384644 0.06296610832214355 43.906208753585815 0.35796403884887695 13.898640394210815 1.0989720821380615 
13
20.028369188308716 0.06010127067565918 22.862884044647217 0.34000253677368164 11.763663530349731 0.975970983505249 
11
