59.88504099845886 0.12000226974487305 136.2817087173462 0.4640069007873535 220.54412961006165 1.375075340270996 
192
73.74724864959717 0.08799982070922852 326.4653992652893 1.3749804496765137 594.3066139221191 2.6360232830047607 
97
209.41406297683716 0.1960010528564453 215.35463666915894 0.4820067882537842 567.9271566867828 1.457017421722412 
25
138.93592810630798 0.4040031433105469 170.994402885437 0.5290172100067139 52.50976634025574 1.2610092163085938 
17
75.03467988967896 0.06806635856628418 145.54591012001038 0.41904449462890625 24.046354055404663 1.2650439739227295 
13
62.96064472198486 0.06603074073791504 155.10836553573608 0.3980376720428467 144.49434113502502 1.373051404953003 
11
