27.953209161758423 0.12706446647644043 103.38124418258667 0.5209970474243164 180.1475007534027 1.5020158290863037 
192
23.327439546585083 0.07608270645141602 86.20954155921936 0.44301319122314453 160.84129738807678 1.274012565612793 
97
15.063160181045532 0.06400036811828613 69.72028422355652 0.3710031509399414 78.62797999382019 1.0540099143981934 
25
14.539714336395264 0.05707049369812012 70.61564326286316 0.3450031280517578 74.3741774559021 1.0060927867889404 
17
9.502444744110107 0.05908012390136719 71.74687552452087 0.3399975299835205 46.36493444442749 1.0509696006774902 
13
9.7737717628479 0.06010007858276367 25.593443632125854 0.36008381843566895 13.678002119064331 1.0090110301971436 
11
