82.12237024307251 0.12207674980163574 234.10768032073975 0.4449782371520996 464.5429844856262 1.372028112411499 
192
353.2815957069397 0.08308124542236328 208.69932293891907 0.42700672149658203 321.91433787345886 1.1419227123260498 
97
72.62846255302429 0.06500029563903809 151.25696682929993 0.35100507736206055 465.48992824554443 1.0420160293579102 
25
75.08223462104797 0.06009817123413086 25.794853925704956 0.3380000591278076 11.04463529586792 0.976010799407959 
17
47.91555666923523 0.06000518798828125 16.140766382217407 0.33901453018188477 25.085872650146484 1.0630109310150146 
13
17.43190598487854 0.06200003623962402 8.991682291030884 0.3469688892364502 8.585206508636475 1.039015531539917 
11
