42.924437522888184 0.11672306060791016 227.07579851150513 0.44757556915283203 990.2722547054291 1.395406723022461 
192
30.6083824634552 0.07482004165649414 69.9477903842926 0.4286355972290039 114.17603302001953 1.1043784618377686 
97
12.392446279525757 0.059877872467041016 93.15743923187256 0.3479158878326416 49.846354246139526 1.0484538078308105 
25
13.335131645202637 0.05788111686706543 171.76110219955444 0.3767430782318115 29.11440873146057 0.9876105785369873 
17
14.402596950531006 0.05787396430969238 50.45781922340393 0.3448519706726074 18.077975511550903 1.0504992008209229 
13
28.74053978919983 0.056809186935424805 29.641385078430176 0.34289026260375977 15.168277740478516 0.9867079257965088 
11
