33.58595395088196 0.11711311340332031 163.31597709655762 0.4690718650817871 320.2250289916992 1.3840737342834473 
192
36.88085126876831 0.08104443550109863 96.17860770225525 0.4270896911621094 133.7567756175995 1.1315860748291016 
97
15.223801136016846 0.06006979942321777 96.20866632461548 0.34917259216308594 195.39143538475037 1.0580718517303467 
25
22.00700354576111 0.057068824768066406 109.01675128936768 0.3471670150756836 26.099244832992554 0.9908301830291748 
17
14.490112066268921 0.05806994438171387 24.990680932998657 0.3361961841583252 12.00374960899353 1.0740783214569092 
13
16.1047625541687 0.05806732177734375 19.092163562774658 0.36008667945861816 20.845619678497314 0.9930675029754639 
11
