8.057989835739136 0.12908244132995605 20.862855434417725 0.4870789051055908 39.87399983406067 1.4701056480407715 
192
3.863309860229492 0.07771539688110352 11.286566019058228 0.42406463623046875 23.85765242576599 1.1290762424468994 
97
1.3500447273254395 0.060074806213378906 4.7865777015686035 0.33992791175842285 7.215658187866211 1.0540814399719238 
25
0.7859761714935303 0.05808138847351074 3.1091785430908203 0.3431088924407959 4.696428298950195 0.9720706939697266 
17
0.6679909229278564 0.06007862091064453 3.3722927570343018 0.32607603073120117 114.27538895606995 1.0390686988830566 
13
0.7593779563903809 0.05707073211669922 8.485432386398315 0.3362441062927246 107.6796977519989 0.982170820236206 
11
