41.32584524154663 0.11768269538879395 147.95191550254822 0.4465780258178711 266.7797062397003 1.44126296043396 
192
36.44304013252258 0.07881426811218262 120.66269087791443 0.44850587844848633 233.55832076072693 1.1203298568725586 
97
21.086315393447876 0.059799909591674805 94.04936575889587 0.3389410972595215 115.98400735855103 1.0415263175964355 
25
25.051145315170288 0.05591225624084473 101.24363660812378 0.3429262638092041 113.72961187362671 0.992689847946167 
17
19.291436910629272 0.06179356575012207 104.51668906211853 0.32889604568481445 11.514930248260498 1.0407981872558594 
13
62.35294723510742 0.06080055236816406 15.438225269317627 0.3488035202026367 16.490692615509033 1.0235648155212402 
11
