229.00991654396057 0.11568927764892578 752.6529982089996 0.4494931697845459 278.29854464530945 1.3415250778198242 
192
37.50802183151245 0.07682204246520996 175.16114211082458 0.4227142333984375 358.3733513355255 1.1402254104614258 
97
28.04337787628174 0.06285786628723145 223.56874346733093 0.356889009475708 39.73000526428223 1.0843935012817383 
25
27.859479188919067 0.05788540840148926 93.10380697250366 0.3528604507446289 29.771795511245728 1.0086731910705566 
17
36.68452072143555 0.05890798568725586 35.20433449745178 0.3398616313934326 9.414717197418213 1.0356097221374512 
13
24.0294771194458 0.05582547187805176 20.411667346954346 0.34991025924682617 6.255465269088745 0.9877736568450928 
11
