8.05989956855774 0.12101173400878906 22.857707262039185 0.4640319347381592 41.003546714782715 1.3802530765533447 
192
4.664093017578125 0.07707405090332031 13.95980191230774 0.4280819892883301 35.34409308433533 1.1160826683044434 
97
1.7011699676513672 0.06207847595214844 7.652154207229614 0.3400709629058838 12.171726942062378 1.0480692386627197 
25
1.3650577068328857 0.0570681095123291 10.047433137893677 0.34507155418395996 18.357165575027466 0.9760775566101074 
17
0.9782450199127197 0.06300067901611328 22.96238660812378 0.33306884765625 240.88281393051147 1.063075304031372 
13
3.0568222999572754 0.06100773811340332 22.926231622695923 0.3420288562774658 324.72127079963684 1.0139315128326416 
11
