38.83604192733765 0.1230769157409668 131.35429120063782 0.44800901412963867 210.50520849227905 1.3991491794586182 
192
35.52702069282532 0.0760793685913086 109.19152045249939 0.42007017135620117 174.89484691619873 1.143251657485962 
97
20.603328227996826 0.06299877166748047 98.73285937309265 0.35406923294067383 153.86428022384644 1.0620787143707275 
25
16.382439136505127 0.05706977844238281 100.86634135246277 0.34900331497192383 35.012619972229004 0.9740159511566162 
17
15.559724807739258 0.06000065803527832 14.040698528289795 0.33899879455566406 21.31898283958435 1.062755823135376 
13
16.59592866897583 0.057068586349487305 12.107584714889526 0.350085973739624 14.59729814529419 0.9949779510498047 
11
