85.94549751281738 0.12508702278137207 180.38005709648132 0.4591059684753418 298.0978407859802 1.3829383850097656 
192
81.06454300880432 0.08300042152404785 173.4796326160431 0.4290902614593506 285.8424665927887 1.1520044803619385 
97
59.090001583099365 0.06410431861877441 129.492440700531 0.3780038356781006 409.7250301837921 1.0743811130523682 
25
46.513957023620605 0.060079336166381836 52.77907633781433 0.36008262634277344 149.7903094291687 0.9886252880096436 
17
87.60724878311157 0.05699658393859863 114.15238809585571 0.35372185707092285 63.70350384712219 1.0330169200897217 
13
132.11755323410034 0.06009650230407715 38.140401124954224 0.3370096683502197 14.117138624191284 0.9900238513946533 
11
