25.96204137802124 0.12665724754333496 62.6578574180603 0.4794013500213623 107.38175654411316 1.5239181518554688 
192
20.084534883499146 0.07682466506958008 176.32666563987732 0.4346129894256592 213.22645545005798 1.1502234935760498 
97
13.69426941871643 0.05987691879272461 97.14091563224792 0.352893590927124 62.56816244125366 1.0615284442901611 
25
20.58530020713806 0.06187009811401367 96.20580291748047 0.3738231658935547 51.22029161453247 1.0235891342163086 
17
11.528632879257202 0.05880427360534668 92.94352436065674 0.3399341106414795 8.491809844970703 1.0554454326629639 
13
12.044265031814575 0.05891752243041992 83.40279936790466 0.3499307632446289 26.13702368736267 1.0037217140197754 
11
