3.0632760524749756 0.04700016975402832 6.413787603378296 0.1372087001800537 13.165163040161133 0.2900724411010742 
65
1.9401006698608398 0.03003525733947754 4.512099027633667 0.07503223419189453 7.475630760192871 0.16101288795471191 
33
0.5999829769134521 0.01800847053527832 1.2811319828033447 0.050000905990600586 2.449812650680542 0.06206011772155762 
9
2.4279046058654785 0.02210378646850586 7.159847021102905 0.05307412147521973 2.305219888687134 0.0600583553314209 
7
6.423115253448486 0.020045995712280273 1.0775184631347656 0.045070648193359375 2.4406545162200928 0.07306933403015137 
5
4.321050405502319 0.020998716354370117 1.3390028476715088 0.05008125305175781 2.5928585529327393 0.0640256404876709 
5
