9.356265783309937 0.05011343955993652 19.052051782608032 0.14107823371887207 34.23623204231262 0.3060030937194824 
65
6.069651365280151 0.03107428550720215 16.016963958740234 0.07907366752624512 22.066268920898438 0.15799212455749512 
33
3.781984806060791 0.01999974250793457 13.847484350204468 0.0460667610168457 37.69036793708801 0.06396675109863281 
9
3.1681411266326904 0.023999691009521484 12.004054069519043 0.052076101303100586 46.126344442367554 0.06406021118164062 
7
2.000293493270874 0.020999431610107422 8.321526050567627 0.048078060150146484 88.67810130119324 0.07700324058532715 
5
4.1535468101501465 0.02205801010131836 19.12334370613098 0.05206131935119629 13.761710166931152 0.06499218940734863 
5
