9.073157787322998 0.048073530197143555 17.82818865776062 0.144073486328125 33.11445474624634 0.2950737476348877 
65
4.217221975326538 0.029068946838378906 9.499266147613525 0.07506799697875977 16.94444751739502 0.14806556701660156 
33
2.0713815689086914 0.019999980926513672 10.105794191360474 0.04806089401245117 8.225496292114258 0.0660696029663086 
9
2.1261589527130127 0.022102832794189453 8.148438930511475 0.05106759071350098 11.729610443115234 0.060067176818847656 
7
1.5781645774841309 0.021045446395874023 5.968724489212036 0.05007052421569824 13.05388617515564 0.07699942588806152 
5
1.4690022468566895 0.02210688591003418 7.02881383895874 0.05306220054626465 8.468759536743164 0.06808114051818848 
5
