2.5881991386413574 0.046077728271484375 7.0688512325286865 0.14307498931884766 13.70139741897583 0.30500078201293945 
65
1.35304856300354 0.03003549575805664 3.5767581462860107 0.07208585739135742 6.803833961486816 0.1500716209411621 
33
0.4040567874908447 0.020081281661987305 0.9949283599853516 0.050000667572021484 1.7852160930633545 0.062058448791503906 
9
0.3780055046081543 0.022076129913330078 0.8583056926727295 0.05100202560424805 1.4589424133300781 0.06402444839477539 
7
0.2710270881652832 0.020024776458740234 0.5620212554931641 0.04907107353210449 1.0482187271118164 0.07802820205688477 
5
0.28296732902526855 0.022078514099121094 0.5873110294342041 0.052060842514038086 1.2072863578796387 0.06299209594726562 
5
