13.201118469238281 0.04999971389770508 24.099048137664795 0.1340024471282959 43.94767189025879 0.30095458030700684 
65
6.421895265579224 0.026999711990356445 13.66702151298523 0.07106971740722656 23.341151475906372 0.1520860195159912 
33
2.828821897506714 0.01906418800354004 14.462225675582886 0.04807901382446289 14.323782205581665 0.06300163269042969 
9
3.149005651473999 0.02210521697998047 12.581376075744629 0.05200076103210449 16.892296314239502 0.06200361251831055 
7
2.243680238723755 0.019999980926513672 8.977422714233398 0.048011064529418945 23.004052877426147 0.07699441909790039 
5
2.320194959640503 0.022080659866333008 11.237282276153564 0.05100750923156738 23.909884214401245 0.06595945358276367 
5
