7.7283289432525635 0.05007052421569824 18.337825298309326 0.14106965065002441 32.32248115539551 0.29706406593322754 
65
3.725172758102417 0.028995275497436523 11.304664373397827 0.07307696342468262 19.18528151512146 0.15107154846191406 
33
2.0262951850891113 0.020000934600830078 10.458525896072388 0.045073747634887695 11.671879529953003 0.06299114227294922 
9
3.4172816276550293 0.02303481101989746 8.864609718322754 0.05006742477416992 11.733538389205933 0.06507229804992676 
7
1.7520349025726318 0.021000146865844727 5.129916429519653 0.04906821250915527 8.260338068008423 0.07901525497436523 
5
2.2520909309387207 0.02200007438659668 4.633284568786621 0.05006742477416992 8.10312271118164 0.06606340408325195 
5
