2.797201156616211 0.0450747013092041 6.502947568893433 0.1460709571838379 12.544175148010254 0.32106471061706543 
65
2.6714320182800293 0.028116703033447266 6.99342155456543 0.07100057601928711 9.140836477279663 0.15102839469909668 
33
1.0381789207458496 0.020008087158203125 2.5212502479553223 0.046988487243652344 7.641850709915161 0.06600069999694824 
9
1.157292127609253 0.023067951202392578 1.9312856197357178 0.05300140380859375 5.044663667678833 0.06406235694885254 
7
0.6551074981689453 0.020007610321044922 1.6051335334777832 0.04907345771789551 4.482541799545288 0.08007192611694336 
5
2.744621515274048 0.023102521896362305 7.594700336456299 0.05406832695007324 3.519698143005371 0.06806135177612305 
5
