7.328665494918823 0.04999351501464844 18.962875843048096 0.14307260513305664 33.612915992736816 0.3002469539642334 
65
4.64681077003479 0.027062654495239258 11.799474954605103 0.0720679759979248 19.05094623565674 0.14708256721496582 
33
2.192239284515381 0.0200960636138916 11.974842309951782 0.04597949981689453 14.837708234786987 0.06199836730957031 
9
2.6714305877685547 0.021991968154907227 8.90467119216919 0.0510711669921875 19.423352241516113 0.06296443939208984 
7
1.7700660228729248 0.02002716064453125 6.0779547691345215 0.050069570541381836 25.75079917907715 0.0780954360961914 
5
2.6656479835510254 0.02206897735595703 9.159273624420166 0.052071571350097656 16.82267475128174 0.06606030464172363 
5
