5.832633018493652 0.05106949806213379 13.482706308364868 0.14910578727722168 39.393969774246216 0.32106924057006836 
65
3.2949228286743164 0.026079893112182617 7.97492241859436 0.07106900215148926 14.579792022705078 0.16028738021850586 
33
1.600980520248413 0.020116806030273438 19.171613216400146 0.08906340599060059 43.514533042907715 0.06606650352478027 
9
1.9082236289978027 0.022992372512817383 5.857000827789307 0.054999351501464844 11.6503005027771 0.06406283378601074 
7
1.0410315990447998 0.020064115524291992 4.299664497375488 0.04907369613647461 11.566612958908081 0.0830681324005127 
5
1.0883572101593018 0.022007465362548828 5.362171649932861 0.052075862884521484 12.02702808380127 0.06699299812316895 
5
