2.845451593399048 0.05107522010803223 6.958323001861572 0.14403748512268066 13.368231296539307 0.2980663776397705 
65
1.412243127822876 0.02811455726623535 3.533679246902466 0.07502627372741699 6.7457990646362305 0.14906048774719238 
33
0.5679728984832764 0.020107507705688477 1.111004114151001 0.04906105995178223 2.0293476581573486 0.06805849075317383 
9
0.35604047775268555 0.022095680236816406 1.039212942123413 0.05006265640258789 13.200139999389648 0.06206917762756348 
7
2.1667168140411377 0.02000117301940918 1.00431227684021 0.04806971549987793 13.189343929290771 0.07903718948364258 
5
4.16396689414978 0.022001266479492188 6.540719270706177 0.050096750259399414 24.641273975372314 0.06296849250793457 
5
