5.408906698226929 0.048078060150146484 12.719287395477295 0.13900279998779297 24.284301042556763 0.30807971954345703 
65
3.5805087089538574 0.03199887275695801 12.020500659942627 0.07503271102905273 14.458701848983765 0.15006232261657715 
33
1.8792009353637695 0.020099639892578125 8.473937273025513 0.04900074005126953 16.59591031074524 0.06800055503845215 
9
1.6071422100067139 0.023105382919311523 6.823955297470093 0.05108308792114258 23.020310163497925 0.0620725154876709 
7
1.478161334991455 0.021099567413330078 4.463069915771484 0.049062490463256836 22.675851106643677 0.07400035858154297 
5
1.7031006813049316 0.02210068702697754 4.663830518722534 0.052077293395996094 14.654816389083862 0.06702327728271484 
5
