5.237551927566528 0.04707455635070801 12.610936164855957 0.13908600807189941 22.906765460968018 0.2980029582977295 
65
4.009231805801392 0.029996871948242188 11.21936559677124 0.07705974578857422 14.292541027069092 0.15206289291381836 
33
1.7582054138183594 0.020000457763671875 6.8004066944122314 0.04906129837036133 18.338666677474976 0.063079833984375 
9
1.5511353015899658 0.023006200790405273 5.647478103637695 0.05207490921020508 11.630034923553467 0.06406283378601074 
7
1.1429872512817383 0.02109527587890625 3.281106948852539 0.04707050323486328 18.856670141220093 0.07799363136291504 
5
1.5993444919586182 0.021999835968017578 5.319859504699707 0.05106616020202637 8.141632318496704 0.06606507301330566 
5
