4.883639574050903 0.052031517028808594 12.43799352645874 0.14307689666748047 22.178853273391724 0.30100297927856445 
65
3.0144670009613037 0.028991222381591797 7.570069789886475 0.07106900215148926 12.654092073440552 0.15006160736083984 
33
1.4293174743652344 0.022000551223754883 7.082775115966797 0.05007338523864746 9.01108694076538 0.07005953788757324 
9
1.3630895614624023 0.02300715446472168 5.204082012176514 0.055077314376831055 9.890369653701782 0.06206631660461426 
7
1.2372031211853027 0.020107269287109375 3.6373772621154785 0.04907584190368652 7.728335618972778 0.07805943489074707 
5
1.8901393413543701 0.024067163467407227 4.152728796005249 0.05108165740966797 7.56766939163208 0.06906771659851074 
5
