5.566771984100342 0.04708218574523926 13.426751375198364 0.14107203483581543 24.552987098693848 0.31099891662597656 
65
8.374582290649414 0.028069019317626953 18.422698259353638 0.07207489013671875 15.681041240692139 0.15006756782531738 
33
2.9365172386169434 0.01999974250793457 5.477242946624756 0.04707932472229004 11.520767211914062 0.06206178665161133 
9
2.782911777496338 0.023073196411132812 4.934845685958862 0.05006670951843262 9.537151098251343 0.06306934356689453 
7
2.2333760261535645 0.020069599151611328 3.8942339420318604 0.04806828498840332 8.00998592376709 0.08207416534423828 
5
1.3901569843292236 0.02200150489807129 4.23360538482666 0.05106663703918457 14.031713724136353 0.06606101989746094 
5
