2.486294746398926 0.046000003814697266 5.9999003410339355 0.13500094413757324 12.13479208946228 0.3170657157897949 
65
1.2740824222564697 0.028999805450439453 3.0721676349639893 0.07406139373779297 6.321576833724976 0.15299630165100098 
33
0.4060544967651367 0.020008087158203125 0.8582165241241455 0.04706859588623047 1.6745810508728027 0.06406235694885254 
9
0.2889697551727295 0.0240020751953125 0.6710038185119629 0.0550389289855957 1.2280220985412598 0.06507253646850586 
7
0.20696640014648438 0.02010965347290039 0.42993807792663574 0.04807877540588379 0.8779737949371338 0.0780646800994873 
5
0.18497133255004883 0.022101163864135742 0.43097543716430664 0.051073312759399414 0.9032461643218994 0.06609654426574707 
5
