7.42899227142334 0.052001237869262695 19.327215909957886 0.1390681266784668 26.98407793045044 0.3040049076080322 
65
6.67177152633667 0.031000137329101562 21.36332106590271 0.07408452033996582 18.943901538848877 0.14806127548217773 
33
2.5476949214935303 0.01903247833251953 9.060225486755371 0.04804491996765137 75.36419582366943 0.061964988708496094 
9
2.2624332904815674 0.022991180419921875 7.21476149559021 0.05007648468017578 18.29375147819519 0.06296706199645996 
7
5.671214580535889 0.020999908447265625 3.9086155891418457 0.04607224464416504 9.006795644760132 0.07600116729736328 
5
1.4010839462280273 0.022076129913330078 7.272085905075073 0.051999807357788086 8.67186975479126 0.06599545478820801 
5
