87.63948154449463 0.0409998893737793 97.82178807258606 0.13604187965393066 113.80299830436707 0.30103230476379395 
33
46.16476583480835 0.020999908447265625 52.573785066604614 0.07203292846679688 60.31574630737305 0.15511035919189453 
17
15.587160348892212 0.012999534606933594 44.36664366722107 0.043000221252441406 18.454206466674805 0.04710054397583008 
5
14.485158681869507 0.013997793197631836 36.98341631889343 0.04700064659118652 19.45118498802185 0.03800034523010254 
4
13.685240030288696 0.011999368667602539 34.29147934913635 0.04309582710266113 24.971187591552734 0.05303597450256348 
3
12.218225479125977 0.011001348495483398 29.786277770996094 0.04300093650817871 23.532325744628906 0.04600048065185547 
3
