73.08973908424377 0.03999948501586914 77.25909757614136 0.13604092597961426 89.88222765922546 0.3060023784637451 
33
35.43034315109253 0.021000146865844727 41.552653074264526 0.07500410079956055 45.45064830780029 0.15407752990722656 
17
10.905076265335083 0.013000726699829102 20.620471954345703 0.04603242874145508 14.356155633926392 0.04806661605834961 
5
10.316010236740112 0.012999773025512695 21.660382986068726 0.047006845474243164 11.497116804122925 0.03707385063171387 
4
7.293091773986816 0.013000249862670898 14.362137794494629 0.044068098068237305 8.20319414138794 0.05306529998779297 
3
8.898164510726929 0.04200410842895508 15.712325096130371 0.0429997444152832 11.115259885787964 0.04701042175292969 
3
