87.48909854888916 0.04099869728088379 104.7978663444519 0.13703274726867676 120.08551692962646 0.30704307556152344 
33
47.26741671562195 0.022001266479492188 54.044612646102905 0.08499979972839355 58.491124868392944 0.15507102012634277 
17
10.548150539398193 0.012000083923339844 26.490302801132202 0.043000221252441406 15.417147397994995 0.04703712463378906 
5
9.063119649887085 0.01399850845336914 29.00251793861389 0.04610800743103027 11.389000177383423 0.03800034523010254 
4
8.8870689868927 0.012000083923339844 22.397329568862915 0.04306769371032715 11.043105602264404 0.054062843322753906 
3
8.643084049224854 0.011997699737548828 22.011170864105225 0.0469975471496582 11.874190092086792 0.04700040817260742 
3
