73.41235899925232 0.04006314277648926 78.6211884021759 0.1350400447845459 89.2392795085907 0.2990696430206299 
33
36.765315771102905 0.021000385284423828 50.031678676605225 0.07003378868103027 42.45860481262207 0.15307188034057617 
17
11.336036682128906 0.013000011444091797 28.108773469924927 0.04403281211853027 16.53071117401123 0.04703068733215332 
5
11.05412745475769 0.014004707336425781 24.84432029724121 0.04810285568237305 13.011021137237549 0.03906702995300293 
4
11.450035572052002 0.012000322341918945 18.68221116065979 0.04400205612182617 16.190245389938354 0.0540003776550293 
3
9.278974056243896 0.010999441146850586 17.0651695728302 0.042023420333862305 12.732162714004517 0.0440678596496582 
3
