74.41568779945374 0.04400515556335449 82.8225519657135 0.1340320110321045 91.18940830230713 0.3050711154937744 
33
33.99352955818176 0.02100539207458496 70.38301420211792 0.07300043106079102 42.72364640235901 0.1500699520111084 
17
16.07919931411743 0.01199960708618164 35.43454909324646 0.04303288459777832 30.725550413131714 0.04700016975402832 
5
18.365174770355225 0.013999700546264648 32.67841649055481 0.04803276062011719 27.207470893859863 0.03799867630004883 
4
53.91363453865051 0.011999368667602539 23.45732021331787 0.04400062561035156 31.52347230911255 0.05403637886047363 
3
25.6510112285614 0.011999845504760742 81.11875629425049 0.04303407669067383 26.82843780517578 0.046065568923950195 
3
