30.250277519226074 0.0410001277923584 31.277621030807495 0.13407087326049805 37.19574451446533 0.31003236770629883 
33
13.145108222961426 0.019999980926513672 15.750258207321167 0.0710000991821289 17.029529094696045 0.14902734756469727 
17
3.561924695968628 0.01300048828125 4.194046974182129 0.042998313903808594 4.388219356536865 0.04603171348571777 
5
2.681978702545166 0.015006065368652344 3.092036724090576 0.04803204536437988 3.520007610321045 0.038097381591796875 
4
1.6289527416229248 0.01300048828125 2.150020122528076 0.04300045967102051 2.3840229511260986 0.05503582954406738 
3
1.613945484161377 0.011999845504760742 1.6860167980194092 0.04403424263000488 2.3429877758026123 0.04700064659118652 
3
