94.8169252872467 0.04103279113769531 107.57155346870422 0.1350727081298828 119.80836319923401 0.305034875869751 
33
48.71044850349426 0.021000385284423828 54.182591676712036 0.07303214073181152 60.852219343185425 0.15006446838378906 
17
15.448193550109863 0.013999223709106445 36.49147057533264 0.04307889938354492 17.95619559288025 0.04700016975402832 
5
15.329180240631104 0.013999462127685547 33.19440793991089 0.04802966117858887 20.44016432762146 0.03803086280822754 
4
9.628116607666016 0.011999368667602539 23.94222092628479 0.04300045967102051 15.273271560668945 0.05405902862548828 
3
12.256171941757202 0.01100468635559082 22.54741144180298 0.15999913215637207 15.495162963867188 0.045102596282958984 
3
