1.2370362281799316 0.023106813430786133 2.906374931335449 0.07207894325256348 5.791797876358032 0.16606950759887695 
33
0.7040913105010986 0.012007713317871094 2.7822887897491455 0.03900003433227539 3.0221080780029297 0.0780634880065918 
17
0.40207672119140625 0.0070073604583740234 1.723412275314331 0.02400040626525879 2.0282366275787354 0.024091005325317383 
5
1.1980574131011963 0.008009195327758789 1.1980831623077393 0.025115013122558594 2.2221970558166504 0.01999974250793457 
4
0.4230043888092041 0.0069997310638427734 0.9291832447052002 0.024008512496948242 1.3301281929016113 0.027063608169555664 
3
0.25903820991516113 0.006008148193359375 1.0691001415252686 0.02307438850402832 1.7012832164764404 0.02309870719909668 
3
