1.2720820903778076 0.023001432418823242 3.2976744174957275 0.07807016372680664 6.579949378967285 0.15821290016174316 
33
0.6070346832275391 0.012073278427124023 1.6651020050048828 0.0390012264251709 2.916921377182007 0.07799983024597168 
17
0.21594882011413574 0.0070078372955322266 0.9120006561279297 0.024000167846679688 0.9490621089935303 0.02411627769470215 
5
0.20995855331420898 0.008008241653442383 0.7760000228881836 0.02500748634338379 0.9042305946350098 0.02010822296142578 
4
0.1519463062286377 0.0070078372955322266 0.5581016540527344 0.02406907081604004 0.7699382305145264 0.028068065643310547 
3
0.21204566955566406 0.0060007572174072266 0.5340948104858398 0.023000001907348633 0.7581217288970947 0.02408599853515625 
3
