28.599234104156494 0.0410006046295166 31.069372415542603 0.13507318496704102 37.19595146179199 0.29999637603759766 
33
13.999023199081421 0.021007061004638672 15.816331624984741 0.07103109359741211 19.028400421142578 0.15307354927062988 
17
3.5029518604278564 0.013005495071411133 3.855050802230835 0.04303622245788574 4.626097917556763 0.04700112342834473 
5
2.7360095977783203 0.014005422592163086 2.7920901775360107 0.04700064659118652 3.71806263923645 0.03704023361206055 
4
5.288042306900024 0.01300048828125 2.1911048889160156 0.04307079315185547 25.231338500976562 0.0540003776550293 
3
5.537736177444458 0.010999917984008789 2.8880271911621094 0.04303765296936035 2.553995132446289 0.04599165916442871 
3
