93.01877427101135 0.04200029373168945 103.43937110900879 0.143080472946167 121.08044481277466 0.3180365562438965 
33
47.78148865699768 0.021999597549438477 52.657339572906494 0.07103466987609863 61.997761249542236 0.15903234481811523 
17
11.73416018486023 0.011999130249023438 28.495375156402588 0.0429997444152832 14.477147817611694 0.046070098876953125 
5
9.211911916732788 0.013998031616210938 25.476402759552002 0.04700040817260742 11.441194295883179 0.03800034523010254 
4
9.196997165679932 0.013000249862670898 18.951485872268677 0.04400062561035156 11.320168256759644 0.05310845375061035 
3
8.327001810073853 0.012000083923339844 17.7232403755188 0.04303097724914551 10.087149858474731 0.05009651184082031 
3
