28.109195709228516 0.0410008430480957 31.981610536575317 0.13403558731079102 34.975738525390625 0.3010084629058838 
33
13.125105619430542 0.021000146865844727 15.467279195785522 0.07107281684875488 17.395087957382202 0.1510016918182373 
17
3.269972801208496 0.012000322341918945 3.849043130874634 0.04400062561035156 4.330039739608765 0.047102928161621094 
5
2.3059470653533936 0.013007164001464844 2.973026752471924 0.04607701301574707 3.6589584350585938 0.03911018371582031 
4
1.8469696044921875 0.012000560760498047 2.257014751434326 0.04200005531311035 2.3782222270965576 0.05306386947631836 
3
1.536933183670044 0.011004924774169922 2.570101499557495 0.04303550720214844 2.8561816215515137 0.04503273963928223 
3
