27.836206674575806 0.04000043869018555 31.661914587020874 0.1330718994140625 36.583621978759766 0.3030052185058594 
33
13.17808723449707 0.020999670028686523 15.256328582763672 0.07203340530395508 18.07596492767334 0.15007686614990234 
17
3.4900052547454834 0.013006210327148438 3.70207142829895 0.043000221252441406 4.693049669265747 0.04700040817260742 
5
2.675990104675293 0.01300668716430664 2.8730580806732178 0.04700064659118652 3.4812066555023193 0.03902840614318848 
4
1.3579776287078857 0.012000083923339844 1.6460156440734863 0.044042110443115234 2.2699851989746094 0.053140878677368164 
3
1.3190875053405762 0.010882139205932617 2.151027202606201 0.041999101638793945 2.2680230140686035 0.045104265213012695 
3
