100.08533763885498 0.0410006046295166 118.1636016368866 0.13500165939331055 139.7550504207611 0.30000829696655273 
33
51.8795702457428 0.021002769470214844 57.99081301689148 0.07210063934326172 68.90277981758118 0.1510014533996582 
17
12.905109643936157 0.01300048828125 35.86134076118469 0.044031620025634766 17.789137363433838 0.050000667572021484 
5
9.527135610580444 0.014000177383422852 33.479557514190674 0.0460360050201416 12.275080919265747 0.037000179290771484 
4
9.71219277381897 0.011999845504760742 25.963471174240112 0.043108224868774414 13.557047605514526 0.053968191146850586 
3
9.72329330444336 0.01100015640258789 25.879331827163696 0.04303431510925293 16.918190002441406 0.04610085487365723 
3
