68.35799169540405 0.04000544548034668 80.30606651306152 0.1340789794921875 88.80604457855225 0.3010737895965576 
33
36.07036852836609 0.02100539207458496 39.707923889160156 0.0710000991821289 43.60967946052551 0.14907526969909668 
17
11.534123420715332 0.011999845504760742 24.759289741516113 0.04406619071960449 13.691245079040527 0.04703044891357422 
5
11.125031471252441 0.013999223709106445 23.058311700820923 0.04600024223327637 14.008133888244629 0.03802752494812012 
4
8.661002397537231 0.013005971908569336 14.420226335525513 0.042000532150268555 11.112278461456299 0.05310225486755371 
3
8.520087242126465 0.01100015640258789 15.770271301269531 0.045001983642578125 12.259277820587158 0.04709482192993164 
3
