2.4049713611602783 0.022107839584350586 5.862680435180664 0.07207822799682617 10.841681718826294 0.15706324577331543 
33
2.721992254257202 0.012008190155029297 4.818235158920288 0.03905940055847168 43.52560782432556 0.15199565887451172 
17
15.52719259262085 0.013001203536987305 26.15046763420105 0.043999671936035156 17.631366729736328 0.04700112342834473 
5
14.737131357192993 0.014000892639160156 23.859302759170532 0.04700136184692383 13.891186475753784 0.03803062438964844 
4
31.451618671417236 0.012000083923339844 20.28489899635315 0.04303169250488281 17.902454614639282 0.05503702163696289 
3
18.790905237197876 0.011004924774169922 17.900660514831543 0.042999982833862305 14.393669366836548 0.04600048065185547 
3
