21.306631565093994 0.13508391380310059 120.5819034576416 0.5320782661437988 415.3037495613098 1.5323784351348877 
224
12.903406858444214 0.08909177780151367 35.25613784790039 0.4671175479888916 58.6614556312561 1.2370195388793945 
113
7.875239849090576 0.06507205963134766 49.86663770675659 0.36417102813720703 85.22667646408081 1.0730795860290527 
29
6.63526177406311 0.06500840187072754 55.78869295120239 0.37811970710754395 11.879021167755127 1.0379762649536133 
20
10.631459712982178 0.06706881523132324 40.25385046005249 0.3490028381347656 14.804301738739014 1.0876834392547607 
15
10.126900672912598 0.06307458877563477 7.600591421127319 0.3569951057434082 9.418200969696045 1.0730810165405273 
13
