45.38319730758667 0.14107537269592285 240.02346229553223 0.535667896270752 1601.3002452850342 3.1160614490509033 
224
1005.2013750076294 0.17107081413269043 1078.2050352096558 0.9190130233764648 1003.9159302711487 2.5850579738616943 
113
105.28329944610596 0.08006715774536133 123.11637425422668 0.39299583435058594 52.48789429664612 1.1320223808288574 
29
16.856096506118774 0.07002615928649902 1267.7700135707855 0.7350401878356934 213.13451218605042 2.1549792289733887 
20
494.6233899593353 0.13208246231079102 608.3516991138458 0.7330014705657959 137.19958329200745 2.289079189300537 
15
931.9684062004089 0.12106847763061523 347.26239490509033 0.7120497226715088 111.97876977920532 2.1740527153015137 
13
