8.658031702041626 0.13707995414733887 21.06382179260254 0.5070819854736328 43.937493562698364 1.522078514099121 
224
4.501944065093994 0.08608222007751465 12.792875051498413 0.46803832054138184 26.834415674209595 1.1920866966247559 
113
1.3821609020233154 0.06799983978271484 5.4017555713653564 0.3591756820678711 8.138547658920288 1.091068983078003 
29
0.9309217929840088 0.06307673454284668 3.7340359687805176 0.3690760135650635 5.599502801895142 1.0530056953430176 
20
0.7819032669067383 0.06508159637451172 3.8973631858825684 0.35310864448547363 121.2543728351593 1.1340727806091309 
15
0.9061264991760254 0.06408238410949707 9.022717475891113 0.35907793045043945 107.94536066055298 1.0630908012390137 
13
