55.30820369720459 0.15018272399902344 175.06661176681519 0.5659735202789307 281.71344685554504 1.6030781269073486 
224
44.07148361206055 0.08796024322509766 133.57037568092346 0.4660787582397461 243.65824174880981 1.1750235557556152 
113
28.991755485534668 0.07204270362854004 115.36272621154785 0.3640005588531494 157.4081585407257 1.0802936553955078 
29
33.54158926010132 0.06100010871887207 125.92521071434021 0.36307644844055176 34.535398721694946 1.023447036743164 
20
25.592475175857544 0.06510090827941895 41.26040720939636 0.35408568382263184 13.463427305221558 1.06229567527771 
15
24.609764575958252 0.06500077247619629 23.883244037628174 0.3641622066497803 11.715629577636719 1.0562760829925537 
13
