842.4077706336975 0.27103352546691895 1308.9284129142761 1.0270466804504395 1492.1192996501923 3.0920591354370117 
224
765.2698311805725 0.17003369331359863 1137.1084687709808 0.9040756225585938 1205.6560759544373 2.5200178623199463 
113
489.75344038009644 0.12603163719177246 1135.9883062839508 0.7140448093414307 1033.4373879432678 2.19370698928833 
29
392.1136932373047 0.1180717945098877 1237.9930083751678 0.727311372756958 235.46249890327454 2.1440505981445312 
20
444.9878785610199 0.12303352355957031 139.0822148323059 0.704038143157959 142.83466410636902 2.3160183429718018 
15
522.7135906219482 0.1230764389038086 123.22110247612 0.7060096263885498 100.24049019813538 2.171060562133789 
13
