67.21444129943848 0.1480731964111328 152.58359384536743 0.5599997043609619 239.22341465950012 1.6071748733520508 
224
60.60367488861084 0.0970761775970459 145.89942836761475 0.4780857563018799 232.24799036979675 1.210012674331665 
113
53.92442274093628 0.07207918167114258 89.4726493358612 0.36701035499572754 289.68172693252563 1.0750067234039307 
29
38.22001767158508 0.06400394439697266 75.19591617584229 0.3740715980529785 23.559049129486084 1.0280110836029053 
20
39.18956542015076 0.06807541847229004 76.12840986251831 0.35500526428222656 16.08724355697632 1.0880095958709717 
15
27.734240531921387 0.06699705123901367 80.57772088050842 0.3679661750793457 82.77244687080383 1.0503032207489014 
13
