97.16415500640869 0.14900994300842285 195.69882225990295 0.5370790958404541 320.6638870239258 1.5190160274505615 
224
87.57518172264099 0.09509396553039551 190.88011622428894 0.48425889015197754 297.2452847957611 1.209153175354004 
113
66.38731575012207 0.07310199737548828 136.58883213996887 0.3660745620727539 425.34857845306396 1.0749752521514893 
29
58.486536502838135 0.06501388549804688 53.0423583984375 0.36200594902038574 163.03884482383728 1.0320017337799072 
20
129.5617504119873 0.0629730224609375 130.92950224876404 0.3489720821380615 64.91685771942139 1.0731666088104248 
15
137.99262809753418 0.06709408760070801 40.06033730506897 0.36800312995910645 14.850593090057373 1.0681545734405518 
13
