28.16509485244751 0.1531062126159668 72.19410872459412 0.5680737495422363 114.73729109764099 1.7030813694000244 
224
22.069530487060547 0.08803486824035645 188.66021156311035 0.46108317375183105 220.23537969589233 1.2160816192626953 
113
15.880110025405884 0.0650794506072998 117.62528800964355 0.37807440757751465 82.6082067489624 1.0960779190063477 
29
22.677745580673218 0.0610811710357666 112.64859557151794 0.36707472801208496 67.58446717262268 1.010082721710205 
20
12.82337498664856 0.06420493125915527 111.80959510803223 0.3550717830657959 8.394704818725586 1.1232507228851318 
15
17.62967085838318 0.06307482719421387 110.91080355644226 0.36600399017333984 26.09465980529785 1.0464763641357422 
13
