46.25967741012573 0.14000797271728516 160.03414583206177 0.5461056232452393 273.3997905254364 1.5212759971618652 
224
39.25390672683716 0.09007430076599121 131.10907888412476 0.4700286388397217 243.86872839927673 1.2141103744506836 
113
25.15041947364807 0.06406593322753906 124.48326206207275 0.37000274658203125 134.85357809066772 1.118995189666748 
29
31.910444736480713 0.06397438049316406 115.86083674430847 0.3700680732727051 154.02765417099 1.0480666160583496 
20
23.505398988723755 0.06807661056518555 110.99346423149109 0.3560049533843994 11.60149073600769 1.090322732925415 
15
62.04344630241394 0.06301331520080566 15.776169061660767 0.37219715118408203 16.414011240005493 1.0449774265289307 
13
