9.304563045501709 0.1370677947998047 25.175493717193604 0.5060679912567139 47.181275606155396 1.5220763683319092 
224
5.06715726852417 0.08928561210632324 15.663090944290161 0.44707345962524414 38.98407053947449 1.2100820541381836 
113
1.7754526138305664 0.06506776809692383 8.258811473846436 0.35607361793518066 12.846880912780762 1.0751357078552246 
29
1.5767488479614258 0.06605982780456543 11.555611371994019 0.38807249069213867 20.472153663635254 1.0930731296539307 
20
1.0802686214447021 0.06307125091552734 23.17291831970215 0.3522303104400635 242.43209552764893 1.1190648078918457 
15
3.29267954826355 0.0640709400177002 23.41287326812744 0.3560812473297119 316.30348682403564 1.0450706481933594 
13
