9.838643074035645 0.14509057998657227 27.2409987449646 0.5270726680755615 48.949329137802124 1.5313801765441895 
224
5.725098133087158 0.08608531951904297 25.356369733810425 0.46407508850097656 41.66363215446472 1.2271814346313477 
113
8.433242082595825 0.06607556343078613 171.91759753227234 0.35608577728271484 375.05527329444885 1.1065607070922852 
29
24.96449899673462 0.06108593940734863 152.04803371429443 0.3641808032989502 325.1317114830017 1.0160744190216064 
20
33.68595290184021 0.06308197975158691 187.01878452301025 0.3440067768096924 246.9891872406006 1.100071907043457 
15
43.365471839904785 0.06311559677124023 144.95823574066162 0.35000157356262207 270.1154975891113 1.047072410583496 
13
