788.5569796562195 0.27500176429748535 1592.2506515979767 1.0240094661712646 2197.4150643348694 3.1080596446990967 
224
805.2703318595886 0.16907095909118652 1008.6125645637512 0.8970720767974854 924.8244545459747 2.4633913040161133 
113
362.733847618103 0.12703561782836914 1092.8721368312836 0.7120325565338135 1415.5777699947357 2.2020232677459717 
29
509.3776068687439 0.1180717945098877 1253.24689412117 0.7220427989959717 172.87060070037842 2.077989101409912 
20
361.1129801273346 0.12210464477539062 235.84373116493225 0.6850366592407227 74.43164491653442 2.2301197052001953 
15
400.3207206726074 0.12103271484375 180.1955623626709 0.7060058116912842 129.23896265029907 2.122023582458496 
13
