28.828527212142944 0.1390388011932373 109.76743936538696 0.5360860824584961 192.56216025352478 1.5350778102874756 
224
24.65956974029541 0.08708024024963379 91.71314430236816 0.46407055854797363 166.9872133731842 1.2050707340240479 
113
15.09355902671814 0.07007002830505371 75.46717119216919 0.37606287002563477 90.63268876075745 1.1139822006225586 
29
18.215710401535034 0.06106686592102051 82.62210941314697 0.38207387924194336 80.30110025405884 1.0661954879760742 
20
11.665584087371826 0.06407809257507324 88.64254927635193 0.35628676414489746 46.397486448287964 1.0870857238769531 
15
10.538682222366333 0.06198740005493164 25.32364273071289 0.3730769157409668 14.271336317062378 1.0700998306274414 
13
