5248.036704540253 0.27224087715148926 2225.6524670124054 0.549081563949585 308.3031904697418 1.5970735549926758 
224
42.47725701332092 0.09105706214904785 201.9016296863556 0.48107099533081055 398.48231768608093 1.2580373287200928 
113
39.409817934036255 0.06906819343566895 272.52709913253784 0.3880798816680908 40.078757524490356 1.1169509887695312 
29
41.32603573799133 0.0650796890258789 96.52833700180054 0.400071382522583 30.755800008773804 1.0890154838562012 
20
45.49349284172058 0.06307601928710938 35.784356117248535 0.37117934226989746 9.83669900894165 1.123060703277588 
15
34.41454792022705 0.06308412551879883 21.5918128490448 0.37596821784973145 6.381713151931763 1.0951321125030518 
13
