9.35046648979187 0.13608002662658691 27.254389762878418 0.5110812187194824 49.23964047431946 1.523231029510498 
224
6.560730934143066 0.08808207511901855 24.518242597579956 0.4500725269317627 56.60620355606079 1.2242681980133057 
113
4.975497245788574 0.06624031066894531 84.22300434112549 0.3849954605102539 340.9848837852478 1.1162261962890625 
29
13.955681800842285 0.06308126449584961 122.18736839294434 0.39627933502197266 430.7321608066559 1.0240693092346191 
20
24.516963720321655 0.06007695198059082 144.57974004745483 0.3750648498535156 289.3442165851593 1.0930097103118896 
15
21.021785259246826 0.06607937812805176 122.46041679382324 0.3500795364379883 248.06627702713013 1.0520777702331543 
13
