90.02616143226624 0.14906072616577148 260.6045789718628 0.5390760898590088 468.71052980422974 1.5280883312225342 
224
1747.1118443012238 0.16993212699890137 2029.505987405777 0.9000401496887207 2259.87953042984 2.4790802001953125 
113
922.2668702602386 0.08207201957702637 1491.1538083553314 0.7149994373321533 2851.408217906952 2.2130205631256104 
29
879.0034213066101 0.12002229690551758 222.90613961219788 0.7219367027282715 63.02440142631531 2.0779824256896973 
20
578.5357751846313 0.12200069427490234 138.5184555053711 0.6869368553161621 142.2378113269806 2.2110207080841064 
15
216.49659943580627 0.1230475902557373 75.94660329818726 0.7120418548583984 47.81274914741516 2.130211353302002 
13
