74.47222781181335 0.23820114135742188 151.1421766281128 0.9727563858032227 276.7030062675476 2.015341281890869 
401
26.57399296760559 0.11966609954833984 78.0891342163086 0.8182680606842041 272.60133624076843 1.5569102764129639 
201
6.665765047073364 0.055901527404785156 51.061984062194824 0.7616527080535889 111.98722910881042 1.1601283550262451 
51
4.57280707359314 0.05192446708679199 39.36767268180847 0.7116918563842773 72.29319596290588 1.0933120250701904 
35
3.486518621444702 0.05082988739013672 35.427690744400024 0.7744870185852051 43.15037202835083 1.090446949005127 
26
2.656216859817505 0.048837900161743164 27.76682424545288 0.7277820110321045 32.08043193817139 1.0853805541992188 
21
