36.20850086212158 0.22731947898864746 109.39258575439453 0.9817891120910645 208.5771245956421 2.049163579940796 
401
18.272878885269165 0.11860322952270508 68.1006121635437 0.8312277793884277 202.47087121009827 1.5518903732299805 
201
4.512915372848511 0.05687141418457031 41.8454794883728 0.7636020183563232 72.84504294395447 1.152160406112671 
51
3.044938325881958 0.05183577537536621 30.754528522491455 0.7335450649261475 40.68628931045532 1.0907769203186035 
35
2.2923781871795654 0.047838449478149414 26.838331937789917 0.7555501461029053 30.1339693069458 1.0764007568359375 
26
1.8546946048736572 0.050902366638183594 24.07597255706787 0.7227046489715576 26.715489625930786 1.0703692436218262 
21
