57.8589563369751 0.23525404930114746 119.33867478370667 1.0007233619689941 210.93085622787476 2.05914044380188 
401
18.090125799179077 0.12368440628051758 66.01111698150635 0.8562393188476562 204.07784175872803 1.5668814182281494 
201
4.623915910720825 0.057806968688964844 30.045430421829224 0.7724244594573975 88.26775693893433 1.1532492637634277 
51
3.1514475345611572 0.05288410186767578 30.22549295425415 0.7196590900421143 50.787633180618286 1.0932846069335938 
35
2.386059045791626 0.04894280433654785 23.00162124633789 0.7624621391296387 29.32564687728882 1.115783929824829 
26
1.7622220516204834 0.047948598861694336 22.296672582626343 0.7366132736206055 28.09157681465149 1.0894250869750977 
21
