40.112133264541626 0.23720884323120117 113.68049597740173 0.9896996021270752 208.03460884094238 2.0909481048583984 
401
19.073772430419922 0.12458300590515137 57.443439245224 0.8720993995666504 148.75224781036377 1.6416261196136475 
201
4.823080778121948 0.058793067932128906 40.53301429748535 0.7746071815490723 80.3596761226654 1.1443071365356445 
51
3.0720744132995605 0.05092811584472656 32.669968128204346 0.7246460914611816 45.67841196060181 1.0914623737335205 
35
2.328533887863159 0.04883742332458496 27.435686111450195 0.7705287933349609 33.30268573760986 1.103283166885376 
26
1.8637938499450684 0.05092763900756836 22.978004455566406 0.7288076877593994 21.33417773246765 1.090280294418335 
21
