25.105587005615234 0.2213289737701416 77.30402112007141 0.9926960468292236 145.53214025497437 2.0354785919189453 
401
12.709007501602173 0.11568331718444824 47.83065915107727 0.8511526584625244 140.47559142112732 1.5548779964447021 
201
3.0947444438934326 0.058878183364868164 28.180245876312256 0.759469747543335 51.52747464179993 1.1796624660491943 
51
2.382019281387329 0.051885366439819336 21.614424467086792 0.7385799884796143 30.46001362800598 1.1272990703582764 
35
1.7431161403656006 0.05182766914367676 18.459826707839966 0.7823939323425293 19.444948196411133 1.1212992668151855 
26
1.3544108867645264 0.050934791564941406 16.593504905700684 0.7516427040100098 16.104756116867065 1.103320837020874 
21
