13.234361171722412 0.2182788848876953 41.80599069595337 0.9857137203216553 84.27593183517456 2.0392680168151855 
401
6.893193483352661 0.11963200569152832 22.483612298965454 0.8392605781555176 43.173062801361084 1.601649522781372 
201
1.7543692588806152 0.05991792678833008 18.00625991821289 0.7605340480804443 63.717421770095825 1.1562182903289795 
51
1.192002534866333 0.051828861236572266 12.144185543060303 0.7235870361328125 102.41429901123047 1.0886280536651611 
35
0.995690107345581 0.05680561065673828 14.3799409866333 0.8073663711547852 12.973806381225586 1.161139965057373 
26
0.7065534591674805 0.04984164237976074 19.752982139587402 0.7286412715911865 12.382564067840576 1.0764758586883545 
21
