12.408789157867432 0.2263197898864746 37.0810866355896 0.9698357582092285 77.90728783607483 2.045286178588867 
401
6.3210179805755615 0.11169576644897461 20.216272354125977 0.8551557064056396 83.61823892593384 1.5957467555999756 
201
1.6026794910430908 0.056817054748535156 16.11384344100952 0.7685050964355469 26.970978260040283 1.1622159481048584 
51
1.1053407192230225 0.05089879035949707 11.316101312637329 0.7325646877288818 18.248496055603027 1.1242499351501465 
35
0.8222477436065674 0.0468447208404541 9.442497968673706 0.774674654006958 12.438936710357666 1.1313209533691406 
26
0.6786415576934814 0.05083823204040527 7.355757713317871 0.7347331047058105 10.760583639144897 1.1102964878082275 
21
