13.164839506149292 0.22923564910888672 44.190966844558716 0.9847791194915771 89.25569081306458 2.018343210220337 
401
6.565123081207275 0.11368703842163086 26.91027045249939 0.8232567310333252 46.950966358184814 1.5906939506530762 
201
1.7810969352722168 0.057885169982910156 8.264982223510742 0.7773535251617432 10.446934223175049 1.1850395202636719 
51
1.1771202087402344 0.05091595649719238 5.626350164413452 0.7346172332763672 18.693462133407593 1.1263105869293213 
35
0.8262109756469727 0.04990077018737793 4.514947414398193 0.7744083404541016 28.989484548568726 1.0934207439422607 
26
0.6487503051757812 0.045915842056274414 2.7657299041748047 0.7236652374267578 16.73958468437195 1.095346212387085 
21
