47.48328924179077 0.2282392978668213 115.02589559555054 0.9299178123474121 210.22356486320496 2.0421910285949707 
401
18.262101888656616 0.11368203163146973 80.79578804969788 0.8103635311126709 202.32455253601074 1.5459108352661133 
201
4.647422790527344 0.0687706470489502 41.217907667160034 0.7515604496002197 84.22964549064636 1.3325552940368652 
51
4.13367223739624 0.05880594253540039 32.73097825050354 0.7465882301330566 44.08641958236694 1.1153383255004883 
35
2.389967679977417 0.04886507987976074 22.166390419006348 0.7744841575622559 29.015839338302612 1.1073987483978271 
26
1.931575059890747 0.049834251403808594 16.24894881248474 0.7286345958709717 22.28448176383972 1.0854034423828125 
21
