12.939923524856567 0.22037553787231445 41.17010998725891 0.9857125282287598 88.01116156578064 2.0223398208618164 
401
6.7089104652404785 0.11461710929870605 25.621061086654663 0.8293073177337646 112.14263486862183 1.5996639728546143 
201
1.740344762802124 0.05588269233703613 16.672725677490234 0.7595534324645996 116.22627115249634 1.150245189666748 
51
1.2129631042480469 0.05181765556335449 177.50018858909607 0.7017722129821777 187.58838891983032 1.106309413909912 
35
0.8542089462280273 0.04890847206115723 96.13759994506836 0.7395329475402832 171.3721160888672 1.081498384475708 
26
0.713707685470581 0.05089712142944336 195.9005959033966 0.7027280330657959 478.6270682811737 1.0515267848968506 
21
