26.05208992958069 0.2312319278717041 78.28871202468872 0.9727487564086914 164.0750391483307 2.0362794399261475 
401
12.893532752990723 0.11561107635498047 75.3586094379425 0.8225462436676025 144.59239149093628 1.544947624206543 
201
3.21467924118042 0.05788993835449219 26.110457181930542 0.7487549781799316 27.557095766067505 1.1651785373687744 
51
2.305262327194214 0.049834489822387695 17.258543252944946 0.7176077365875244 16.743000507354736 1.1303050518035889 
35
1.6416387557983398 0.0548551082611084 13.148563861846924 0.8282966613769531 11.480182647705078 1.1492633819580078 
26
1.2787048816680908 0.049924373626708984 8.630407333374023 0.7395796775817871 9.314095973968506 1.0794236660003662 
21
