26.281720638275146 0.2363138198852539 78.10794639587402 0.9637844562530518 143.63010478019714 2.0283010005950928 
401
13.148696184158325 0.1156148910522461 55.817747592926025 0.8232531547546387 140.4386329650879 1.57773756980896 
201
3.187457799911499 0.05681943893432617 29.646708965301514 0.7555897235870361 41.09260702133179 1.158128261566162 
51
2.284543991088867 0.05488324165344238 19.73596477508545 0.7475028038024902 28.383463621139526 1.1322333812713623 
35
1.7332310676574707 0.04990339279174805 15.914353847503662 0.7775907516479492 15.935508728027344 1.103389024734497 
26
1.2866370677947998 0.05182838439941406 12.83119010925293 0.7356128692626953 11.873984813690186 1.0963451862335205 
21
