12.624274253845215 0.21033215522766113 36.99841094017029 0.9657797813415527 76.8233470916748 2.0382933616638184 
401
6.460633039474487 0.11767911911010742 19.179975509643555 0.813340425491333 40.939027309417725 1.577803611755371 
201
1.6675944328308105 0.05687904357910156 9.090319395065308 0.7644541263580322 43.39333415031433 1.1412625312805176 
51
1.2090091705322266 0.05189347267150879 9.502289295196533 0.6986780166625977 158.7280933856964 1.1163647174835205 
35
0.8562097549438477 0.046915292739868164 7.942777633666992 0.7724952697753906 274.76513838768005 1.0795116424560547 
26
0.6318140029907227 0.0499424934387207 13.724877834320068 0.7027506828308105 177.7237102985382 1.0665028095245361 
21
