24.940958261489868 0.23129582405090332 76.30061340332031 0.9747521877288818 160.60800194740295 2.0342864990234375 
401
12.299303770065308 0.11770009994506836 76.89429807662964 0.8483543395996094 149.17727518081665 1.6346435546875 
201
3.029949903488159 0.05780768394470215 31.163039684295654 0.7803959846496582 57.20863318443298 1.1611559391021729 
51
2.232609748840332 0.05381965637207031 25.8901424407959 0.7385752201080322 36.188868045806885 1.1272926330566406 
35
1.687303066253662 0.05089402198791504 21.301616430282593 0.805391788482666 22.813385486602783 1.1520888805389404 
26
1.333465337753296 0.052823781967163086 15.790620565414429 0.7365434169769287 17.88581085205078 1.100358486175537 
21
