13.033042430877686 0.23828339576721191 37.471092224121094 1.0326387882232666 78.21986865997314 2.158907651901245 
401
6.936856985092163 0.12561368942260742 28.638968467712402 0.8760759830474854 45.694483280181885 1.6276404857635498 
201
1.5667695999145508 0.05581378936767578 7.10896110534668 0.7734203338623047 12.04184627532959 1.1880369186401367 
51
1.111340045928955 0.051898956298828125 5.014258861541748 0.729621410369873 8.930575609207153 1.1104915142059326 
35
0.7185311317443848 0.04892396926879883 3.7305946350097656 0.790363073348999 7.325438499450684 1.1093077659606934 
26
0.6307830810546875 0.04891681671142578 3.2931437492370605 0.7485730648040771 5.173875570297241 1.0893669128417969 
21
