25.64187240600586 0.2233259677886963 76.6603000164032 0.9847922325134277 145.86970686912537 2.025237798690796 
401
13.186935663223267 0.11679887771606445 63.21834087371826 0.8272321224212646 142.4267554283142 1.6177136898040771 
201
3.216305732727051 0.05592513084411621 25.852603912353516 0.7665054798126221 41.1505925655365 1.1761393547058105 
51
2.3153481483459473 0.05381417274475098 20.41377568244934 0.753554105758667 26.353575468063354 1.1541578769683838 
35
1.7975192070007324 0.04990196228027344 16.552082300186157 0.7993342876434326 17.44678020477295 1.0884554386138916 
26
1.369471788406372 0.04990839958190918 12.901803970336914 0.7306585311889648 15.421149730682373 1.1162676811218262 
21
