42.491820335388184 0.08970069885253906 103.38081121444702 0.343916654586792 171.44403791427612 1.0515248775482178 
129
37.92532300949097 0.051889657974243164 100.21295213699341 0.3140251636505127 157.7094099521637 0.8034498691558838 
65
24.064451932907104 0.04185914993286133 51.518088579177856 0.2582051753997803 79.59650087356567 0.7416079044342041 
17
23.158617973327637 0.03887486457824707 45.55721139907837 0.2740945816040039 23.556164741516113 0.7016623020172119 
12
15.873749494552612 0.037870168685913086 53.630324840545654 0.24286890029907227 15.868838548660278 0.6946911811828613 
9
18.055055141448975 0.041860342025756836 57.72945308685303 0.2830483913421631 92.04952192306519 0.7704317569732666 
8
