28.490597009658813 0.08471393585205078 107.76310849189758 0.3100407123565674 182.35098910331726 0.946923017501831 
129
25.597742557525635 0.047881364822387695 89.3475592136383 0.3030588626861572 173.83077430725098 0.819263219833374 
65
15.43094801902771 0.041932106018066406 66.75826573371887 0.2810628414154053 83.82865691184998 0.79734206199646 
17
14.295977354049683 0.03698539733886719 71.16308045387268 0.2770402431488037 76.51593589782715 0.7326657772064209 
12
12.156537055969238 0.03595566749572754 71.81553030014038 0.26428937911987305 11.726771354675293 0.7036876678466797 
9
42.7672233581543 0.03588056564331055 15.93391466140747 0.2591361999511719 16.561665058135986 0.7086308002471924 
8
