5.770303964614868 0.07883667945861816 15.284400701522827 0.3030738830566406 28.59525775909424 0.9389433860778809 
129
3.2236106395721436 0.05582618713378906 10.478107213973999 0.32590651512145996 28.249787092208862 0.8273036479949951 
65
1.1531686782836914 0.03997945785522461 5.411421298980713 0.24518203735351562 8.615365982055664 0.7355458736419678 
17
1.1273136138916016 0.03998422622680664 3.387866735458374 0.25522351264953613 18.535472631454468 0.6976377964019775 
12
0.6955773830413818 0.03794717788696289 49.825470209121704 0.24226856231689453 238.1433584690094 0.7046585083007812 
9
2.8326709270477295 0.03894829750061035 15.196258068084717 0.2501556873321533 202.76898646354675 0.7185690402984619 
8
