14.576284646987915 0.08578968048095703 95.22156167030334 0.33687686920166016 374.4852614402771 0.9938015937805176 
129
9.078130722045898 0.04994702339172363 24.424433708190918 0.31195926666259766 43.99085092544556 0.8078148365020752 
65
4.842434883117676 0.04097580909729004 26.7569739818573 0.2521522045135498 54.77990770339966 0.7331540584564209 
17
3.9929888248443604 0.03595399856567383 28.366311073303223 0.26911211013793945 12.101871013641357 0.7106926441192627 
12
7.156283140182495 0.03698873519897461 33.04132294654846 0.2512388229370117 14.166277408599854 0.6896731853485107 
9
4.190537452697754 0.03997969627380371 8.856480598449707 0.279146671295166 10.047508239746094 0.7355678081512451 
8
