58.99810314178467 0.08378744125366211 182.59126734733582 0.3219938278198242 368.6241590976715 0.9657342433929443 
129
248.35902190208435 0.05285906791687012 159.0229151248932 0.32490992546081543 229.71964740753174 0.7804203033447266 
65
45.33941388130188 0.04195737838745117 104.66759943962097 0.25412487983703613 429.29362511634827 0.7375397682189941 
17
31.872538805007935 0.03793692588806152 26.604190349578857 0.2631230354309082 11.253520727157593 0.7245891094207764 
12
32.098729610443115 0.03887033462524414 16.1904878616333 0.24617576599121094 24.58784770965576 0.6976068019866943 
9
17.995864868164062 0.03793692588806152 8.893057107925415 0.2571418285369873 8.568772554397583 0.710634708404541 
8
