34.94172930717468 0.08280491828918457 111.55358839035034 0.3219733238220215 183.05764484405518 0.9308657646179199 
129
28.40989923477173 0.04887819290161133 92.12788414955139 0.303957462310791 172.61222791671753 0.7873423099517822 
65
16.329741954803467 0.04286313056945801 64.32408738136292 0.251162052154541 95.32523131370544 0.7465152740478516 
17
16.584309577941895 0.038878679275512695 66.83874082565308 0.28712010383605957 34.7164146900177 0.7115967273712158 
12
13.719770431518555 0.0389406681060791 45.230464458465576 0.2611241340637207 14.04011344909668 0.7235214710235596 
9
12.404024839401245 0.03794240951538086 23.409520387649536 0.25116610527038574 11.769423961639404 0.72255539894104 
8
