24.516296863555908 0.07879853248596191 124.66259670257568 0.32100415229797363 241.6073350906372 0.985804557800293 
129
24.882556915283203 0.04994058609008789 66.19861793518066 0.3249790668487549 89.22557258605957 0.790431022644043 
65
10.452392816543579 0.0409245491027832 63.1457679271698 0.25123071670532227 125.68280720710754 0.7425994873046875 
17
17.319133281707764 0.03598642349243164 63.14284920692444 0.25820207595825195 26.279923915863037 0.6777474880218506 
12
8.482401609420776 0.03798317909240723 25.267980337142944 0.2411961555480957 11.55665111541748 0.7127048969268799 
9
9.371364116668701 0.036957502365112305 19.228572130203247 0.25914669036865234 21.196228742599487 0.69667649269104 
8
