30.24037194252014 0.07980847358703613 176.58846068382263 0.330888032913208 856.5921168327332 0.942887544631958 
129
24.960213899612427 0.04990959167480469 54.378101110458374 0.3149421215057373 131.24484419822693 0.806377649307251 
65
8.271586418151855 0.0399775505065918 59.21547818183899 0.2631957530975342 48.99562191963196 0.7385380268096924 
17
7.724264860153198 0.03696155548095703 96.06876349449158 0.25814032554626465 28.63252568244934 0.7006731033325195 
12
9.012157440185547 0.03793931007385254 51.45620799064636 0.26212596893310547 18.877492904663086 0.7304997444152832 
9
22.278904676437378 0.041957855224609375 30.87941837310791 0.25017309188842773 15.565606355667114 0.7264940738677979 
8
