5.252394437789917 0.08475518226623535 12.902106523513794 0.31803226470947266 26.485193014144897 0.9548799991607666 
129
2.72210431098938 0.050901174545288086 8.01357364654541 0.3010709285736084 17.745783805847168 0.8182647228240967 
65
0.9109971523284912 0.04186105728149414 3.208495855331421 0.2532193660736084 4.257179021835327 0.7475354671478271 
17
0.52227783203125 0.03798055648803711 2.190566062927246 0.2651937007904053 3.2542381286621094 0.6946837902069092 
12
0.5324018001556396 0.037979841232299805 1.8948478698730469 0.24422287940979004 63.36515212059021 0.7086098194122314 
9
0.5113794803619385 0.03987407684326172 7.383272171020508 0.2592048645019531 85.23747229576111 0.7169270515441895 
8
