26.311726331710815 0.0847935676574707 92.98972988128662 0.3170292377471924 151.5002579689026 0.9718277454376221 
129
25.431883573532104 0.05189633369445801 71.9986641407013 0.3080897331237793 120.19341468811035 0.7754747867584229 
65
14.791063070297241 0.041931867599487305 61.31464385986328 0.26212620735168457 103.82887387275696 0.7495629787445068 
17
10.977455615997314 0.036989688873291016 70.14845585823059 0.2591216564178467 35.54740619659424 0.7016639709472656 
12
9.600950241088867 0.037873268127441406 14.637838363647461 0.2610971927642822 21.419899702072144 0.7215995788574219 
9
10.362884998321533 0.03894162178039551 12.466190099716187 0.2543632984161377 15.199586391448975 0.7087171077728271 
8
