5.799898624420166 0.07885146141052246 16.788379907608032 0.31696629524230957 29.44907569885254 0.9448421001434326 
129
3.6820106506347656 0.04795074462890625 18.345356941223145 0.30505847930908203 21.193712949752808 0.8153493404388428 
65
8.153209447860718 0.04396486282348633 112.46138572692871 0.2842071056365967 299.9088394641876 0.7694263458251953 
17
19.856065034866333 0.0389862060546875 114.65348291397095 0.2542226314544678 262.60008811950684 0.7007532119750977 
12
29.535133600234985 0.034954071044921875 95.00915431976318 0.24425411224365234 215.1029155254364 0.7196166515350342 
9
26.834041118621826 0.03499865531921387 72.2754213809967 0.24715161323547363 202.60781574249268 0.7265753746032715 
8
