57.98974847793579 0.08475255966186523 132.14126920700073 0.33594393730163574 221.52805399894714 0.9518272876739502 
129
57.28230333328247 0.05182695388793945 125.65688991546631 0.31096458435058594 196.09131908416748 0.8092942237854004 
65
33.546480894088745 0.04186558723449707 74.28677105903625 0.24813294410705566 358.04338479042053 0.7465181350708008 
17
34.72252535820007 0.04189944267272949 55.890377044677734 0.27404022216796875 107.77477312088013 0.7345519065856934 
12
44.57304334640503 0.036736249923706055 70.82828545570374 0.25714850425720215 64.46975827217102 0.709723949432373 
9
27.263451099395752 0.03896784782409668 39.42673873901367 0.256115198135376 14.34643268585205 0.7016572952270508 
8
