19.72134280204773 0.08781886100769043 48.183064699172974 0.3390614986419678 77.99056601524353 1.026646614074707 
129
51.18823432922363 0.051896095275878906 153.3480725288391 0.31003618240356445 121.54504227638245 0.7734818458557129 
65
9.895878076553345 0.03986668586730957 59.44998788833618 0.25623202323913574 34.33317708969116 0.7594602108001709 
17
14.225190877914429 0.037949323654174805 46.67982530593872 0.27907848358154297 34.07148265838623 0.7126927375793457 
12
7.990365743637085 0.0398867130279541 44.93491792678833 0.24818086624145508 8.530925750732422 0.7097184658050537 
9
5.866160154342651 0.03787374496459961 40.043155908584595 0.2681417465209961 43.09565997123718 0.7054777145385742 
8
