197.77772665023804 0.08379888534545898 208.56614518165588 0.31501317024230957 185.6780490875244 0.9518492221832275 
129
26.527695655822754 0.04993581771850586 127.3435628414154 0.3100450038909912 248.47454595565796 0.8133599758148193 
65
17.5697500705719 0.03994035720825195 141.5706114768982 0.2542147636413574 39.7235050201416 0.7397449016571045 
17
19.809343814849854 0.039934635162353516 106.74218964576721 0.3010752201080322 31.151927947998047 0.773413896560669 
12
21.717323780059814 0.03698158264160156 36.87020564079285 0.2631862163543701 9.66615915298462 0.6997394561767578 
9
12.09414529800415 0.03992724418640137 21.424591541290283 0.26612067222595215 6.365515470504761 0.6927599906921387 
8
