18.123400688171387 0.08085155487060547 78.73119950294495 0.3528921604156494 129.35627484321594 0.96883225440979 
129
17.0115327835083 0.05588793754577637 64.87108564376831 0.342104434967041 119.05360102653503 0.8352978229522705 
65
9.217690706253052 0.03993368148803711 41.64666819572449 0.26212549209594727 58.97796678543091 0.7884323596954346 
17
10.966620445251465 0.03795361518859863 44.84582185745239 0.2651824951171875 49.20349669456482 0.7075769901275635 
12
6.050076484680176 0.036876678466796875 45.240747928619385 0.252227783203125 47.110085010528564 0.7056427001953125 
9
6.04445219039917 0.03896903991699219 26.304462432861328 0.26033735275268555 13.985894203186035 0.7196633815765381 
8
