5.791960000991821 0.07981705665588379 16.816118717193604 0.31003689765930176 30.303439378738403 0.9787983894348145 
129
4.366562366485596 0.049833059310913086 13.413465976715088 0.30803632736206055 41.2746319770813 0.773491382598877 
65
1.5508396625518799 0.039983510971069336 54.63924765586853 0.2532217502593994 206.8835837841034 0.7445180416107178 
17
5.792035818099976 0.036981821060180664 70.79655766487122 0.25122952461242676 236.5885467529297 0.7046544551849365 
12
13.309400796890259 0.03499197959899902 89.55914998054504 0.23922348022460938 179.52203035354614 0.7155795097351074 
9
9.443237781524658 0.03798222541809082 73.34812808036804 0.25483107566833496 176.56162571907043 0.7036552429199219 
8
