8.378666639328003 0.039948225021362305 59.19380712509155 0.1395275592803955 93.21604585647583 0.38179683685302734 
65
9.99279236793518 0.020039081573486328 32.908836126327515 0.1425173282623291 39.9880108833313 0.2950785160064697 
33
4.058779001235962 0.014049530029296875 23.178500652313232 0.1245880126953125 28.22365713119507 0.275162935256958 
9
11.009618759155273 0.012055397033691406 25.603490352630615 0.12060546875 24.179096221923828 0.2851266860961914 
7
2.131948709487915 0.013998270034790039 22.70718240737915 0.11863493919372559 30.991540908813477 0.5441157817840576 
5
52.070348024368286 0.02498650550842285 92.24624347686768 0.22231531143188477 121.28716278076172 0.5521590709686279 
5
