12.906800508499146 0.04186582565307617 52.93801474571228 0.1425948143005371 75.75091767311096 0.3788018226623535 
65
10.254527807235718 0.020042896270751953 44.12379598617554 0.13956570625305176 64.64962196350098 0.2989964485168457 
33
4.731258869171143 0.013058900833129883 25.92523694038391 0.11561250686645508 39.192227602005005 0.27006983757019043 
9
5.211029529571533 0.012955665588378906 25.892288208007812 0.12066984176635742 30.26455783843994 0.2710914611816406 
7
4.214370012283325 0.01295614242553711 25.191989421844482 0.11159968376159668 12.497243642807007 0.27807188034057617 
5
3.4019598960876465 0.01307058334350586 25.510956287384033 0.11760783195495605 10.830962657928467 0.27512574195861816 
5
