11.662606239318848 0.04086947441101074 52.95497441291809 0.148576021194458 78.75671458244324 0.3858306407928467 
65
9.45369291305542 0.021965980529785156 42.42904853820801 0.14060044288635254 68.81290483474731 0.3119664192199707 
33
4.8771350383758545 0.013907670974731445 25.557964086532593 0.11561155319213867 27.91870880126953 0.2681145668029785 
9
5.7660017013549805 0.013024330139160156 25.946144104003906 0.11269450187683105 34.11042141914368 0.2711825370788574 
7
3.595109224319458 0.01306462287902832 26.215370178222656 0.11263251304626465 10.219535112380981 0.2641332149505615 
5
5.097469329833984 0.0130615234375 16.244548559188843 0.11468696594238281 14.230966091156006 0.27010464668273926 
5
