2.6753005981445312 0.03986620903015137 6.473857164382935 0.13953447341918945 12.823627948760986 0.3887054920196533 
65
1.380486249923706 0.02103590965270996 3.7986061573028564 0.14352107048034668 8.845471620559692 0.30803442001342773 
33
0.3487536907196045 0.013058900833129883 1.7809691429138184 0.11668205261230469 1.8457753658294678 0.2761390209197998 
9
0.31192755699157715 0.014063119888305664 0.9317831993103027 0.12466073036193848 1.6159884929656982 0.27216219902038574 
7
0.20821762084960938 0.013073444366455078 0.7933402061462402 0.12562251091003418 1.3830149173736572 0.27115535736083984 
5
0.22517681121826172 0.01306462287902832 0.6946544647216797 0.12259984016418457 1.004694938659668 0.27109265327453613 
5
