7.159762382507324 0.04192924499511719 36.59710645675659 0.1386101245880127 54.00866150856018 0.38777995109558105 
65
5.952564239501953 0.021001100540161133 30.34905457496643 0.14869308471679688 50.56844997406006 0.3056366443634033 
33
2.9302332401275635 0.014058351516723633 17.114216566085815 0.11966943740844727 20.143372297286987 0.2680373191833496 
9
3.318000555038452 0.013053655624389648 17.545225143432617 0.1137082576751709 17.98503589630127 0.2811272144317627 
7
2.453157663345337 0.013061046600341797 15.313325881958008 0.11767792701721191 44.63826036453247 0.27408623695373535 
5
2.274446487426758 0.013059616088867188 16.80211114883423 0.1176447868347168 13.729984521865845 0.31694722175598145 
5
