21.76463007926941 0.0410006046295166 67.50600957870483 0.13960576057434082 96.76350259780884 0.38837528228759766 
65
17.928542613983154 0.021962881088256836 53.98755979537964 0.14252495765686035 76.93784809112549 0.29700732231140137 
33
12.3892240524292 0.013953924179077148 30.911296844482422 0.11661267280578613 54.416691303253174 0.26911115646362305 
9
8.94273829460144 0.013022422790527344 33.88282799720764 0.11062860488891602 42.12125205993652 0.2671196460723877 
7
7.072271823883057 0.013020038604736328 30.17133069038391 0.11760330200195312 36.930283308029175 0.28904008865356445 
5
8.38527250289917 0.013953447341918945 35.246562004089355 0.1215510368347168 15.729997158050537 0.28605198860168457 
5
