19.930681467056274 0.04093456268310547 84.030508518219 0.1425948143005371 162.3658003807068 0.3767218589782715 
65
57.87552332878113 0.020914793014526367 70.54426288604736 0.14360404014587402 77.91605806350708 0.3061344623565674 
33
13.564533948898315 0.012956857681274414 41.922924757003784 0.11658024787902832 103.90891575813293 0.2690770626068115 
9
9.292378902435303 0.013940095901489258 26.07955574989319 0.10964250564575195 10.48127293586731 0.26212263107299805 
7
4.071616888046265 0.013953208923339844 15.213029623031616 0.11063051223754883 18.936286449432373 0.2820568084716797 
5
17.578762769699097 0.012995243072509766 7.302242279052734 0.11063218116760254 7.678623199462891 0.27109408378601074 
5
