2.89951229095459 0.04193377494812012 8.098104476928711 0.14160585403442383 14.458955526351929 0.36976003646850586 
65
1.6306638717651367 0.024007558822631836 5.841412782669067 0.15456175804138184 9.336485624313354 0.32397961616516113 
33
0.8680539131164551 0.01296544075012207 19.79432964324951 0.11568641662597656 96.01269006729126 0.27216172218322754 
9
6.540395021438599 0.012964010238647461 35.89231586456299 0.10865950584411621 72.12579870223999 0.26418519020080566 
7
12.195528745651245 0.012056589126586914 35.034061908721924 0.10763883590698242 70.92839288711548 0.2780733108520508 
5
6.229396343231201 0.013961315155029297 18.674753665924072 0.11368131637573242 59.39949655532837 0.27216196060180664 
5
