9.57547903060913 0.03994131088256836 44.69654989242554 0.13960647583007812 66.21670722961426 0.3877687454223633 
65
8.109290838241577 0.020044565200805664 36.109882831573486 0.14259719848632812 55.56139636039734 0.30298614501953125 
33
4.077698230743408 0.014049291610717773 24.574342966079712 0.12067604064941406 23.61767601966858 0.2690701484680176 
9
3.843587875366211 0.013060569763183594 24.322126865386963 0.11468029022216797 26.752466440200806 0.2882540225982666 
7
2.444087028503418 0.014060497283935547 13.048259973526001 0.12060093879699707 11.894802570343018 0.2721688747406006 
5
5.738335371017456 0.013051986694335938 14.055816888809204 0.1146841049194336 15.998380422592163 0.27309679985046387 
5
