2.7688779830932617 0.042858123779296875 7.951476812362671 0.15253186225891113 14.378945350646973 0.3847825527191162 
65
1.553985357284546 0.02097344398498535 5.074216365814209 0.14160585403442383 8.1620934009552 0.29508018493652344 
33
0.48336052894592285 0.013962745666503906 19.45821213722229 0.11461496353149414 38.5486626625061 0.26717686653137207 
9
0.36879754066467285 0.012956857681274414 19.207425117492676 0.11766839027404785 48.660040855407715 0.26916933059692383 
7
2.3560726642608643 0.012052059173583984 24.486487865447998 0.1107022762298584 48.468782901763916 0.27114272117614746 
5
4.515076160430908 0.011961221694946289 18.816038370132446 0.1146993637084961 46.91630482673645 0.274155855178833 
5
