27.227679014205933 0.04192066192626953 73.73683190345764 0.13861370086669922 83.97506856918335 0.3788032531738281 
65
9.463974237442017 0.02104330062866211 55.46513915061951 0.14260029792785645 79.01257300376892 0.3020198345184326 
33
4.320528030395508 0.013053178787231445 48.58140468597412 0.11867046356201172 35.62341928482056 0.28210926055908203 
9
6.254287242889404 0.013063669204711914 47.34392714500427 0.11470770835876465 28.16791319847107 0.2691028118133545 
7
6.327255010604858 0.013061285018920898 34.271470069885254 0.10963821411132812 8.209546566009521 0.2790694236755371 
5
4.557861804962158 0.013052701950073242 26.441100358963013 0.11667060852050781 11.89937686920166 0.28105592727661133 
5
