4.390755891799927 0.04196524620056152 33.90321493148804 0.13861870765686035 164.78393030166626 0.3877835273742676 
65
5.155979156494141 0.021927595138549805 11.75903844833374 0.14160990715026855 18.95784902572632 0.3019869327545166 
33
2.142457962036133 0.013058185577392578 10.030768394470215 0.11669516563415527 29.95476222038269 0.27315258979797363 
9
1.7902231216430664 0.013058900833129883 14.14372181892395 0.1126241683959961 8.047380208969116 0.2721676826477051 
7
4.057408332824707 0.014055252075195312 10.073561906814575 0.11369848251342773 6.4142515659332275 0.2761399745941162 
5
0.9748332500457764 0.012956380844116211 20.79477095603943 0.1156928539276123 5.088922023773193 0.28704142570495605 
5
