2.8316667079925537 0.04297018051147461 7.409785270690918 0.14159417152404785 14.21425485610962 0.3758058547973633 
65
1.4742345809936523 0.021038532257080078 4.755563259124756 0.15061306953430176 14.230644226074219 0.2920868396759033 
33
0.4673886299133301 0.013961076736450195 1.8299946784973145 0.11867260932922363 3.444608211517334 0.2661731243133545 
9
0.6958954334259033 0.012966156005859375 1.465437889099121 0.11468148231506348 13.936828136444092 0.279130220413208 
7
0.2889981269836426 0.013946294784545898 1.2889058589935303 0.11269330978393555 13.225472450256348 0.2691004276275635 
5
0.2680778503417969 0.013952970504760742 6.786941289901733 0.12465119361877441 13.07799220085144 0.2671830654144287 
5
