15.895118713378906 0.04197072982788086 49.76612949371338 0.1415247917175293 73.74813580513 0.3806800842285156 
65
12.23378038406372 0.020930051803588867 45.829654693603516 0.14159798622131348 56.636958360672 0.31203246116638184 
33
8.616243839263916 0.013953447341918945 22.219573497772217 0.12061500549316406 32.950082302093506 0.2721824645996094 
9
6.339953899383545 0.012955904006958008 18.926419258117676 0.11461305618286133 21.841798782348633 0.26421546936035156 
7
4.329730033874512 0.013952970504760742 20.42190933227539 0.1106264591217041 11.117199659347534 0.266101598739624 
5
4.9236273765563965 0.012958765029907227 20.594884872436523 0.11269569396972656 82.48424792289734 0.2730906009674072 
5
