11.968209266662598 0.04086565971374512 25.994757652282715 0.14757490158081055 37.26519751548767 0.3858339786529541 
65
5.217703342437744 0.020961999893188477 22.771214962005615 0.1425926685333252 26.392608642578125 0.30298471450805664 
33
2.1746623516082764 0.014057159423828125 17.2550847530365 0.1166841983795166 11.833977460861206 0.275146484375 
9
8.869431257247925 0.012957096099853516 15.949678659439087 0.1107022762298584 10.029060125350952 0.2760801315307617 
7
3.518317937850952 0.013050079345703125 14.718412160873413 0.10970234870910645 6.576788425445557 0.2730903625488281 
5
1.5560245513916016 0.01306009292602539 7.0980308055877686 0.11789464950561523 9.755781888961792 0.27915263175964355 
5
