10.331668615341187 0.050907135009765625 85.39618730545044 0.15555453300476074 528.8925466537476 0.40364694595336914 
65
16.664196014404297 0.021926164627075195 25.598927974700928 0.14658164978027344 41.23666572570801 0.301058292388916 
33
3.2426657676696777 0.013953208923339844 23.09397578239441 0.12266349792480469 20.738829612731934 0.2700943946838379 
9
2.885883092880249 0.012955665588378906 48.862504959106445 0.11270403861999512 17.67570734024048 0.2651848793029785 
7
9.989839792251587 0.013960838317871094 26.395954847335815 0.11269092559814453 14.743720293045044 0.27715086936950684 
5
6.720865726470947 0.014053821563720703 30.38739323616028 0.11385273933410645 14.895463466644287 0.2731499671936035 
5
