0.07840734042073001 0.07829460488478351 0.0019170422121628096 0.001409669045519648 0.0014980175660579732 5.928147242677123e-05 
401
0.07904342659031811 0.07829460488478379 0.005885797261077456 0.001409669044801821 0.005801709100616602 5.9281508464049704e-05 
201
0.11686138618112644 0.07829460488493105 0.07766037045912462 0.0014096407887584823 0.07762152076004536 5.933467462822033e-05 
51
0.16679777004179627 0.0782946048841298 0.13932952513339733 0.0014096407855407357 0.1393037464139803 5.934589349647703e-05 
35
0.22157220257035348 0.07829460488450217 0.19879121741992342 0.0014096485823853605 0.19877316599756376 5.9342480439961674e-05 
26
0.27675459778074035 0.07829460488412109 0.2558118470406295 0.0014096508875513386 0.2557964249845268 5.93442553455361e-05 
21
