0.11166615613816948 0.07829460488478351 0.04144639548121001 0.001409669045519648 0.041327612875443044 5.928147242677123e-05 
401
0.14206336933828298 0.07829460488478379 0.07835880433875649 0.001409669044801821 0.07826237131836365 5.9281508464049704e-05 
201
0.28264347749136 0.07829460488493105 0.24191745446011811 0.0014096407887584823 0.24187537149690377 5.933467462822033e-05 
51
0.3496438766517698 0.0782946048841298 0.3171165933990782 0.0014096407855407357 0.3170875603646828 5.934589349647703e-05 
35
0.40592377602994756 0.07829460488450217 0.3796008663349392 0.0014096485823853605 0.37957976613226213 5.9342480439961674e-05 
26
0.4509346557964039 0.07829460488412109 0.42928212926159126 0.0014096508875513386 0.4292661607934406 5.93442553455361e-05 
21
