0.07829510888393638 0.07829460488478351 0.0014069391271854094 0.001409669045519648 6.173320928110026e-05 5.928147242677123e-05 
401
0.07829863217771946 0.07829460488478379 0.0013887246081825079 0.001409669044801821 7.874713790101835e-05 5.9281508464049704e-05 
201
0.07854950538624031 0.07829460488493105 0.0011536618179492674 0.0014096407887584823 0.0005742361370516362 5.933467462822033e-05 
51
0.07913681503914509 0.0782946048841298 0.0019026273490966084 0.0014096407855407357 0.0016202366556476804 5.934589349647703e-05 
35
0.08028011195297832 0.07829460488450217 0.003862469651935467 0.0014096485823853605 0.0036688231144453936 5.9342480439961674e-05 
26
0.08210057610819041 0.07829460488412109 0.007064220515393746 0.0014096508875513386 0.006900879023106999 5.93442553455361e-05 
21
