0.0782880099900493 0.07829460488478351 0.001413548405125175 0.001409669045519648 0.00023534659197611512 5.928147242677123e-05 
401
0.07827001063594873 0.07829460488478379 0.0015495908413044278 0.001409669044801821 0.0008015563678359386 5.9281508464049704e-05 
201
0.07846702551943277 0.07829460488493105 0.01155941512814482 0.0014096407887584823 0.011566424648554384 5.933467462822033e-05 
51
0.08026824642864204 0.0782946048841298 0.025385459431783906 0.0014096407855407357 0.025407496302936015 5.934589349647703e-05 
35
0.0855495004490125 0.07829460488450217 0.044731143531135394 0.0014096485823853605 0.044760484738713316 5.9342480439961674e-05 
26
0.09571834727390838 0.07829460488412109 0.06832022934250395 0.0014096508875513386 0.06835441818582247 5.93442553455361e-05 
21
