0.07829292825657785 0.07829460488478351 0.001409365950092014 0.001409669045519648 8.776472885336363e-05 5.928147242677123e-05 
401
0.07828800999005711 0.07829460488478379 0.0014171195559873817 0.001409669044801821 0.00023535067941162673 5.9281508464049704e-05 
201
0.07822475030427646 0.07829460488493105 0.003139394245140899 0.0014096407887584823 0.0029733742365583376 5.933467462822033e-05 
51
0.07824269311250927 0.0782946048841298 0.00653918317536182 0.0014096407855407357 0.006509475558782235 5.934589349647703e-05 
35
0.07846702551314029 0.07829460488450217 0.011562015854798657 0.0014096485823853605 0.011566451341398776 5.9342480439961674e-05 
26
0.07908186589392832 0.07829460488412109 0.01792132007872612 0.0014096508875513386 0.01793738680071231 5.93442553455361e-05 
21
