0.07829460471557989 0.07829460488478351 0.0014096667847418277 0.001409669045519648 5.9356001131429354e-05 5.928147242677123e-05 
401
0.07829460217825615 0.07829460488478379 0.0014096336549875123 0.001409669044801821 6.057534094481117e-05 5.9281508464049704e-05 
201
0.07829391633220217 0.07829460488493105 0.0013937735193371781 0.0014096407887584823 0.0002614006594355691 5.933467462822033e-05 
51
0.07829119020100717 0.0782946048841298 0.0012740740625734551 0.0014096407855407357 0.00044164548474717703 5.934589349647703e-05 
35
0.07828391727638244 0.07829460488450217 0.0011935752236003072 0.0014096485823853605 0.0006428569327718494 5.9342480439961674e-05 
26
0.0782693635845382 0.07829460488412109 0.0012446674510421605 0.0014096508875513386 0.0009133659266530957 5.93442553455361e-05 
21
