0.07829463762073563 0.07829460488478351 0.0014064975774280156 0.001409669045519648 6.548606720550127e-05 5.928147242677123e-05 
401
0.07829532271287265 0.07829460488478379 0.0013482294406333185 0.001409669044801821 0.00012059294428663883 5.9281508464049704e-05 
201
0.07868881551325255 0.07829460488493105 0.001661346196123126 0.0014096407887584823 0.0014131171085481576 5.933467462822033e-05 
51
0.08047461521019761 0.0782946048841298 0.00569066581029102 0.0014096407855407357 0.00552782248163481 5.934589349647703e-05 
35
0.08490394649730895 0.07829460488450217 0.014174804238311012 0.0014096485823853605 0.014038492717470654 5.9342480439961674e-05 
26
0.09233209702764066 0.07829460488412109 0.026860242843635602 0.0014096508875513386 0.026747174526272958 5.93442553455361e-05 
21
