0.07829460516355326 0.07829460488478351 0.001409667002184704 0.001409669045519648 5.9196298874939826e-05 5.928147242677123e-05 
401
0.0782946097423623 0.07829460488478379 0.0014095093737651714 0.001409669044801821 5.8787830565084704e-05 5.9281508464049704e-05 
201
0.07829644811567803 0.07829460488493105 0.0012590386439772453 0.0014096407887584823 0.00020567381095073725 5.933467462822033e-05 
51
0.07830579751117879 0.0782946048841298 0.0010580348331302128 0.0014096407855407357 0.00033705453497716835 5.934589349647703e-05 
35
0.07833646530325662 0.07829460488450217 0.0009856137285078996 0.0014096485823853605 0.0005341087003244945 5.9342480439961674e-05 
26
0.07841156381075905 0.07829460488412109 0.0011765569869652385 0.0014096508875513386 0.0009116734906724743 5.93442553455361e-05 
21
