0.07829460471557988 0.07829460488478351 0.0014096636655626248 0.001409669045519648 5.935613038964537e-05 5.928147242677123e-05 
401
0.07829460217825604 0.07829460488478379 0.0014095846872279297 0.001409669044801821 6.0577121398365576e-05 5.9281508464049704e-05 
201
0.07829391633220287 0.07829460488493105 0.001383998109335768 0.0014096407887584823 0.0002612583504755156 5.933467462822033e-05 
51
0.07829119020101127 0.0782946048841298 0.0012491169873198574 0.0014096407855407357 0.0004414441426754424 5.934589349647703e-05 
35
0.07828391727640398 0.07829460488450217 0.0011605488101335028 0.0014096485823853605 0.0006426404242727999 5.9342480439961674e-05 
26
0.07826936358459141 0.07829460488412109 0.0012132729856141327 0.0014096508875513386 0.0009131642302184775 5.93442553455361e-05 
21
