0.07828800999004926 0.07829460488478351 0.0014167861659575359 0.001409669045519648 0.00023536758847511046 5.928147242677123e-05 
401
0.07827001063594892 0.07829460488478379 0.0015602963370463761 0.001409669044801821 0.0008016211926758628 5.9281508464049704e-05 
201
0.07846702551945176 0.07829460488493105 0.011562015344971744 0.0014096407887584823 0.011566460128669276 5.933467462822033e-05 
51
0.08026824642887524 0.0782946048841298 0.025386493528731197 0.0014096407855407357 0.025407522511872047 5.934589349647703e-05 
35
0.08554950045018374 0.07829460488450217 0.044731982586741416 0.0014096485823853605 0.04476050371372398 5.9342480439961674e-05 
26
0.09571834727763245 0.07829460488412109 0.06832115010408008 0.0014096508875513386 0.06835444488577402 5.93442553455361e-05 
21
