0.07829460478243774 0.07829460488478351 0.0014096731719673925 0.001409669045519648 5.934344367620882e-05 5.928147242677123e-05 
401
0.0782946032601068 0.07829460488478379 0.0014090975414696083 0.001409669044801821 6.021341518651066e-05 5.9281508464049704e-05 
201
0.07829420890582826 0.07829460488493105 0.0014034907390617862 0.0014096407887584823 0.00021502590071771174 5.933467462822033e-05 
51
0.07829268892701956 0.0782946048841298 0.0013274707653618597 0.0014096407855407357 0.0003646703210341892 5.934589349647703e-05 
35
0.07828872403828649 0.07829460488450217 0.0012162278428220169 0.0014096485823853605 0.0005212393499425389 5.9342480439961674e-05 
26
0.07828089174673304 0.07829460488412109 0.001180227161047514 0.0014096508875513386 0.000709563179195294 5.93442553455361e-05 
21
