0.07831321255576396 0.07829460488478351 0.0014380758353716024 0.001409669045519648 0.0004158674049798348 5.928147242677123e-05 
401
0.07839407699287945 0.07829460488478379 0.001919489976307814 0.001409669044801821 0.0015050475270799897 5.9281508464049704e-05 
201
0.08350739241020877 0.07829460488493105 0.022923850052482285 0.0014096407887584823 0.022886249776652 5.933467462822033e-05 
51
0.09583739903642885 0.0782946048841298 0.0493065173015062 0.0014096407855407357 0.049272157447548835 5.934589349647703e-05 
35
0.11733523727190033 0.07829460488450217 0.08315063085714386 0.0014096485823853605 0.0831237440202088 5.9342480439961674e-05 
26
0.14434194943588158 0.07829460488412109 0.1192401799538069 0.0014096508875513386 0.11922185060918543 5.93442553455361e-05 
21
