0.07829460488478227 0.07829460488478351 0.0014096690391146322 0.001409669045519648 5.928152375875489e-05 5.928147242677123e-05 
401
0.07829460488467183 0.07829460488478379 0.001409668808090716 0.001409669044801821 5.9287159906578996e-05 5.9281508464049704e-05 
201
0.07829460440997406 0.07829460488493105 0.001408959847333954 0.0014096407887584823 8.199008799259478e-05 5.933467462822033e-05 
51
0.07829459955488524 0.0782946048841298 0.0014052130505944089 0.0014096407855407357 0.00016347369171206916 5.934589349647703e-05 
35
0.07829457484502685 0.07829460488450217 0.001367121719826414 0.0014096485823853605 0.00025772840526352866 5.9342480439961674e-05 
26
0.07829449132914446 0.07829460488412109 0.00128075205716085 0.0014096508875513386 0.0003521226055055848 5.93442553455361e-05 
21
