0.07829510888393643 0.07829460488478351 0.0014069454747227487 0.001409669045519648 6.173360945397768e-05 5.928147242677123e-05 
401
0.07829863217771946 0.07829460488478379 0.0013887996691777228 0.001409669044801821 7.874864162049661e-05 5.9281508464049704e-05 
201
0.07854950538623573 0.07829460488493105 0.0011560812374345093 0.0014096407887584823 0.0005742345908046049 5.933467462822033e-05 
51
0.07913681503910835 0.0782946048841298 0.0019044159195374297 0.0014096407855407357 0.001620236054415124 5.934589349647703e-05 
35
0.08028011195275626 0.07829460488450217 0.0038633289072725883 0.0014096485823853605 0.0036688229531588457 5.9342480439961674e-05 
26
0.0821005761074808 0.07829460488412109 0.007064635094878747 0.0014096508875513386 0.006900879069475236 5.93442553455361e-05 
21
