0.07829460488478221 0.07829460488478351 0.0014096690392403223 0.001409669045519648 5.9281513561619335e-05 5.928147242677123e-05 
401
0.07829460488467185 0.07829460488478379 0.0014096688227072743 0.001409669044801821 5.928701963504711e-05 5.9281508464049704e-05 
201
0.07829460440997392 0.07829460488493105 0.0014090325124584203 0.0014096407887584823 8.199745314746009e-05 5.933467462822033e-05 
51
0.07829459955488836 0.0782946048841298 0.0014060033891157367 0.0014096407855407357 0.00016357144467613985 5.934589349647703e-05 
35
0.07829457484502966 0.07829460488450217 0.0013704721066765447 0.0014096485823853605 0.0002578662999056943 5.9342480439961674e-05 
26
0.0782944913291735 0.07829460488412109 0.0012875573638283615 0.0014096508875513386 0.0003522528565767089 5.93442553455361e-05 
21
