0.07829460471557988 0.07829460488478351 0.0014096651113787054 0.001409669045519648 5.9355953135469534e-05 5.928147242677123e-05 
401
0.07829460217825607 0.07829460488478379 0.0014096074703854361 0.001409669044801821 6.057455153831812e-05 5.9281508464049704e-05 
201
0.07829391633220079 0.07829460488493105 0.0013887574342655697 0.0014096407887584823 0.0002614192393848 5.933467462822033e-05 
51
0.07829119020098733 0.0782946048841298 0.0012615458410743946 0.0014096407855407357 0.00044165507421314426 5.934589349647703e-05 
35
0.07828391727629617 0.07829460488450217 0.0011770525562336605 0.0014096485823853605 0.0006428570035469291 5.9342480439961674e-05 
26
0.07826936358416434 0.07829460488412109 0.0012288337581640766 0.0014096508875513386 0.000913360553019716 5.93442553455361e-05 
21
