7.393161773681641 0.10567235946655273 19.52930998802185 0.3887763023376465 35.75484657287598 1.2638564109802246 
161
3.983271360397339 0.0688483715057373 12.243902206420898 0.37083888053894043 31.957788467407227 1.0286369323730469 
81
1.4881422519683838 0.05582165718078613 6.570916175842285 0.3299374580383301 11.278961658477783 1.01668381690979 
21
1.4102809429168701 0.050932884216308594 10.274235486984253 0.32696962356567383 17.993394374847412 0.9140150547027588 
15
0.8332223892211914 0.051903724670410156 22.612529516220093 0.31003594398498535 249.84889721870422 1.0106902122497559 
11
2.9602532386779785 0.0518345832824707 21.256410121917725 0.3090400695800781 262.6828362941742 0.9179399013519287 
9
