23.333759307861328 0.09675836563110352 56.27695655822754 0.37583231925964355 95.50526332855225 1.2530384063720703 
161
18.060900688171387 0.0648949146270752 168.3157389163971 0.39177393913269043 191.41531705856323 1.0106909275054932 
81
12.984355926513672 0.0518951416015625 76.6319944858551 0.3240232467651367 45.523980379104614 0.9868228435516357 
21
18.0168776512146 0.04791688919067383 60.00972318649292 0.3189361095428467 38.93600583076477 0.9150116443634033 
15
10.2049720287323 0.051827192306518555 69.0478584766388 0.3091301918029785 8.7883620262146 0.9797267913818359 
11
9.477121114730835 0.04992032051086426 53.58588218688965 0.3379077911376953 29.016371250152588 0.9368722438812256 
9
