75.57582426071167 0.10664248466491699 163.01190972328186 0.40073537826538086 269.1176290512085 1.2338857650756836 
161
72.05708932876587 0.06986570358276367 153.09080410003662 0.38579392433166504 253.98937129974365 1.051490068435669 
81
42.90693783760071 0.05290102958679199 101.40900325775146 0.3210010528564453 380.1295714378357 0.9867100715637207 
21
43.29677104949951 0.0549168586730957 56.31635665893555 0.34285569190979004 146.20385146141052 0.9618968963623047 
15
70.55095529556274 0.04990839958190918 107.33795380592346 0.3189425468444824 67.01113653182983 1.0096290111541748 
11
95.12501859664917 0.04784083366394043 42.06643033027649 0.31790971755981445 14.402157306671143 0.9090254306793213 
9
