43.860026836395264 0.1077585220336914 136.64229559898376 0.39574766159057617 233.53253841400146 1.2499163150787354 
161
36.53611660003662 0.06784248352050781 114.59276556968689 0.376788854598999 213.69176626205444 1.0494601726531982 
81
21.46189856529236 0.05492234230041504 85.53924918174744 0.3259749412536621 127.12314081192017 0.9876673221588135 
21
24.852559566497803 0.04982614517211914 90.52580690383911 0.33687639236450195 35.672242403030396 0.9121830463409424 
15
18.754575967788696 0.05289483070373535 42.96453404426575 0.3139472007751465 13.483887195587158 0.9737129211425781 
11
16.411590814590454 0.04890894889831543 23.62061095237732 0.31793212890625 11.840152502059937 0.9119963645935059 
9
