37.973225116729736 0.09877896308898926 207.74250411987305 0.39475536346435547 930.3919546604156 1.2150249481201172 
161
28.52777600288391 0.06685948371887207 61.409891843795776 0.41966724395751953 102.29694366455078 1.0505590438842773 
81
10.590991735458374 0.054889678955078125 77.07979273796082 0.3300814628601074 50.18714714050293 0.9837203025817871 
21
9.577827215194702 0.05097222328186035 150.21629905700684 0.3220202922821045 28.347395420074463 0.9208579063415527 
15
11.9182767868042 0.05094480514526367 50.73487734794617 0.31594181060791016 18.733808517456055 0.9995849132537842 
11
26.57180666923523 0.05106663703918457 31.829116821289062 0.3289806842803955 15.900633096694946 0.947845458984375 
9
