70.61005473136902 0.1026921272277832 207.83845162391663 0.38479185104370117 413.8637020587921 1.2219223976135254 
161
312.14767384529114 0.07385873794555664 190.08771109580994 0.3886985778808594 278.68137550354004 1.0216634273529053 
81
55.964959144592285 0.05588674545288086 132.01845121383667 0.31701159477233887 449.5196053981781 0.9668264389038086 
21
41.06029462814331 0.05094432830810547 26.080304861068726 0.3149573802947998 11.032202959060669 0.9181125164031982 
15
39.52679419517517 0.049936771392822266 15.784221410751343 0.3118765354156494 24.506612539291382 0.9508631229400635 
11
17.94319748878479 0.05688643455505371 9.057010889053345 0.337871789932251 9.164628267288208 0.9717540740966797 
9
