18.421281337738037 0.09975123405456543 106.18780827522278 0.39475083351135254 383.36628580093384 1.245847225189209 
161
10.957043409347534 0.06586194038391113 29.278039932250977 0.37475013732910156 48.10494065284729 1.0166866779327393 
81
6.072277545928955 0.05487680435180664 39.86575770378113 0.3509073257446289 75.06286716461182 1.0396332740783691 
21
4.949471712112427 0.05083870887756348 36.86430311203003 0.32691073417663574 11.780833721160889 0.9070448875427246 
15
8.262483596801758 0.04784131050109863 37.895994663238525 0.3159651756286621 14.69667649269104 0.9538908004760742 
11
6.571418523788452 0.04993629455566406 7.9012486934661865 0.316025972366333 9.642497539520264 0.908034086227417 
9
