29.086339950561523 0.09974551200866699 145.64041423797607 0.4057192802429199 286.0598351955414 1.247908115386963 
161
30.619061946868896 0.0648503303527832 82.78977155685425 0.3758523464202881 112.72339367866516 1.0146112442016602 
81
12.625053405761719 0.05190706253051758 78.86601781845093 0.3190009593963623 170.347496509552 0.9837925434112549 
21
19.71870517730713 0.04795050621032715 85.90033054351807 0.3298916816711426 26.380622148513794 0.9079320430755615 
15
11.862055778503418 0.05089831352233887 24.82587432861328 0.30204105377197266 11.616073846817017 0.9558072090148926 
11
13.580756425857544 0.05086803436279297 21.82430148124695 0.3359410762786865 21.5638108253479 0.9159402847290039 
9
