24.43971824645996 0.10074567794799805 94.9167902469635 0.40874147415161133 164.38730907440186 1.2180168628692627 
161
20.82281470298767 0.06980133056640625 78.18557357788086 0.3767435550689697 142.65082907676697 1.0445506572723389 
81
11.415997743606567 0.054888248443603516 51.9793655872345 0.31700563430786133 70.63443374633789 0.9897699356079102 
21
12.775771379470825 0.04796028137207031 58.99134039878845 0.32391905784606934 69.48789262771606 0.8970708847045898 
15
8.492588758468628 0.04891371726989746 59.62067770957947 0.31203484535217285 46.78503680229187 0.9697346687316895 
11
8.172696113586426 0.04991436004638672 26.146565675735474 0.31003379821777344 13.666938304901123 0.9080328941345215 
9
