6.422223329544067 0.10572481155395508 15.826745748519897 0.4057121276855469 33.13875222206116 1.2698521614074707 
161
3.3344979286193848 0.0678565502166748 9.509358406066895 0.3768179416656494 20.920093774795532 1.0405943393707275 
81
1.1431488990783691 0.0518641471862793 4.06393837928772 0.3080413341522217 5.763903617858887 0.9429383277893066 
21
0.7836756706237793 0.050911903381347656 2.8203914165496826 0.3429253101348877 4.079741954803467 0.9119844436645508 
15
0.5371084213256836 0.0499117374420166 2.33955979347229 0.3080441951751709 109.72717142105103 0.9896664619445801 
11
0.6098892688751221 0.04991006851196289 8.131930589675903 0.3060586452484131 106.49424433708191 0.9079775810241699 
9
