53.355886697769165 0.10667538642883301 123.38891053199768 0.3957505226135254 198.75353908538818 1.2478420734405518 
161
47.866936445236206 0.06689000129699707 119.53529787063599 0.3877706527709961 202.0418074131012 1.060533046722412 
81
35.03396415710449 0.054808616638183594 66.08881211280823 0.33089709281921387 97.8911874294281 0.9830067157745361 
21
28.647510051727295 0.051827192306518555 60.82599902153015 0.3299696445465088 23.273983001708984 0.9040193557739258 
15
23.19882607460022 0.051924705505371094 98.68159031867981 0.5143251419067383 21.50932002067566 1.0564770698547363 
11
24.585592031478882 0.05482029914855957 79.35337996482849 0.327974796295166 86.79558110237122 0.9458601474761963 
9
