8.235743999481201 0.11462521553039551 20.498848915100098 0.41162538528442383 35.89513039588928 1.3754823207855225 
161
4.988935470581055 0.07275748252868652 22.520405769348145 0.4036531448364258 48.36375880241394 1.0694952011108398 
81
4.006572008132935 0.0529019832611084 72.97817063331604 0.31301355361938477 302.524915933609 0.9917542934417725 
21
10.181527614593506 0.04990863800048828 98.40863180160522 0.32698535919189453 342.63229060173035 0.9069805145263672 
15
19.40705919265747 0.04787302017211914 122.38354873657227 0.3060457706451416 247.82641863822937 1.0155909061431885 
11
17.372098922729492 0.04691290855407715 93.91344618797302 0.30697011947631836 211.51531100273132 0.89900803565979 
9
