229.57524847984314 0.09973716735839844 347.0210630893707 0.40671658515930176 242.26581621170044 1.2469048500061035 
161
36.80846047401428 0.06684565544128418 157.0502107143402 0.37781453132629395 303.02740025520325 1.0525603294372559 
81
23.922361612319946 0.051901817321777344 178.38707971572876 0.3150174617767334 39.35354161262512 1.014613151550293 
21
23.87095046043396 0.05085635185241699 95.57173442840576 0.31890368461608887 29.759822130203247 0.9189407825469971 
15
30.06463122367859 0.048897743225097656 36.226459980010986 0.3230109214782715 9.573530197143555 0.9787697792053223 
11
17.356715440750122 0.05089569091796875 22.223118543624878 0.3159658908843994 6.318329095840454 0.9050548076629639 
9
