38.499855041503906 0.10366344451904297 129.69434905052185 0.3956761360168457 238.39399361610413 1.2409265041351318 
161
33.03412652015686 0.06689882278442383 107.16304612159729 0.3827939033508301 215.09761548042297 1.0446200370788574 
81
19.223541259765625 0.050902605056762695 81.12875151634216 0.3169386386871338 109.62158727645874 0.9987308979034424 
21
22.075491905212402 0.0478663444519043 90.57517695426941 0.3269827365875244 107.01298975944519 0.938910722732544 
15
18.948123455047607 0.0489048957824707 89.91314387321472 0.32191967964172363 11.998002052307129 0.9716501235961914 
11
61.42173719406128 0.05083966255187988 16.444775819778442 0.32092928886413574 17.537069082260132 0.9438636302947998 
9
