32.943761348724365 0.09874749183654785 113.85462260246277 0.38179540634155273 190.29359245300293 1.212064266204834 
161
31.148499965667725 0.06984639167785645 93.39010787010193 0.3807997703552246 151.23115849494934 1.058528184890747 
81
17.913201570510864 0.05190086364746094 77.01189804077148 0.3180832862854004 140.67044353485107 0.978827714920044 
21
12.918644905090332 0.048955440521240234 90.6820158958435 0.33289051055908203 36.0701789855957 0.9368317127227783 
15
12.594470262527466 0.049828290939331055 13.928651809692383 0.30704832077026367 21.225083351135254 0.9547715187072754 
11
13.234277248382568 0.04993700981140137 12.137683629989624 0.3189423084259033 14.776445388793945 0.9060380458831787 
9
