7.577260255813599 0.09973692893981934 20.37836241722107 0.38677978515625 37.25732898712158 1.2580349445343018 
161
4.65105676651001 0.06685781478881836 21.40183997154236 0.37482738494873047 30.72289729118347 1.0347561836242676 
81
7.833725929260254 0.05588364601135254 151.88498830795288 0.31993746757507324 371.7186942100525 0.9708311557769775 
21
24.477939128875732 0.06186556816101074 149.73134851455688 0.32404351234436035 321.099990606308 0.8990843296051025 
15
33.79720997810364 0.04891157150268555 125.33187484741211 0.29906773567199707 251.14522624015808 0.9628174304962158 
11
37.288973808288574 0.047872304916381836 94.2978265285492 0.311093807220459 239.61232376098633 0.925041675567627 
9
