285.62513303756714 2.2605249881744385 728.1484031677246 8.98819088935852 1438.426748752594 20.09003710746765 
4001
130.1418957710266 1.1392405033111572 363.01536750793457 4.571746110916138 727.9367032051086 10.05951476097107 
2001
32.56943893432617 0.46751928329467773 188.96510672569275 2.4000656604766846 180.4823055267334 3.8033814430236816 
501
21.673391819000244 0.4146242141723633 140.41770553588867 2.7299611568450928 120.69239854812622 3.2342381477355957 
335
16.16732954978943 0.4564692974090576 105.73567914962769 2.306299924850464 90.30847382545471 3.420888900756836 
251
13.477494955062866 0.40073084831237793 98.16682863235474 1.8528130054473877 78.7927143573761 2.8744049072265625 
201
