410.1633081436157 2.706969738006592 1463.0367662906647 10.635522603988647 1544.1415548324585 20.190716981887817 
4001
128.99580931663513 1.1442530155181885 365.4328670501709 4.600726842880249 718.9701137542725 9.999719381332397 
2001
32.28691649436951 0.4833838939666748 182.9353392124176 2.373112440109253 180.33038449287415 3.75850772857666 
501
21.590501070022583 0.4168269634246826 122.44930481910706 2.6920876502990723 120.79084873199463 3.316171884536743 
335
18.674370288848877 0.48737573623657227 101.23208928108215 2.362121343612671 102.19199466705322 3.314999580383301 
251
13.168233394622803 0.41161060333251953 103.15991711616516 1.8967387676239014 99.66411828994751 2.814678430557251 
201
