145.5817801952362 2.2397470474243164 403.7605392932892 8.682316064834595 838.4939785003662 19.43232560157776 
4001
73.7026879787445 1.1347808837890625 229.39035940170288 4.379031419754028 420.15103006362915 9.752058506011963 
2001
18.00435471534729 0.4765036106109619 51.748440980911255 2.334597110748291 105.21160817146301 3.6871511936187744 
501
12.141286373138428 0.3987002372741699 33.551050662994385 2.6003973484039307 70.3009946346283 3.1007182598114014 
335
9.483547925949097 0.49834489822387695 27.92099905014038 2.3933558464050293 52.61832571029663 3.378317356109619 
251
7.5456483364105225 0.39878296852111816 19.08073663711548 1.7970829010009766 41.79630208015442 2.7880494594573975 
201
