746.3743512630463 2.33546781539917 1450.9234414100647 8.924222946166992 2740.830739736557 20.43411946296692 
4001
260.1957676410675 1.1592097282409668 727.0721092224121 4.584052801132202 1685.6319000720978 10.298549890518188 
2001
65.10646486282349 0.4903414249420166 1442.7029864788055 2.458242654800415 347.02132391929626 3.722944736480713 
501
42.0309898853302 0.40284061431884766 246.07847142219543 2.651001214981079 241.60592460632324 3.209408760070801 
335
31.941595315933228 0.46256160736083984 265.3990058898926 2.334773302078247 177.29726719856262 3.2338223457336426 
251
28.212764978408813 0.4316108226776123 228.81632781028748 1.92073655128479 202.88231801986694 2.8995656967163086 
201
