142.85747528076172 2.278428077697754 365.4082417488098 8.644910097122192 827.5604991912842 19.556872844696045 
4001
71.7354416847229 1.1175899505615234 186.7239134311676 4.369893550872803 420.5220184326172 10.07418179512024 
2001
18.1109459400177 0.4677598476409912 57.08257722854614 2.3991971015930176 104.21284818649292 3.6640684604644775 
501
12.179931640625 0.39488673210144043 41.044405937194824 2.6602632999420166 69.95368909835815 3.146822452545166 
335
9.152620315551758 0.46132469177246094 35.51188278198242 2.2023093700408936 52.22726535797119 3.206855535507202 
251
7.207235097885132 0.40764832496643066 29.087313175201416 1.8111190795898438 41.51365280151367 2.7528862953186035 
201
