369.43318581581116 2.2744812965393066 1085.846415758133 8.91955304145813 2064.434572458267 20.081181049346924 
4001
182.74811124801636 1.1405754089355469 541.0400500297546 4.4522175788879395 1025.2034072875977 10.033902406692505 
2001
45.56767678260803 0.4893677234649658 273.32161951065063 2.415008306503296 256.64130902290344 3.756540536880493 
501
30.644707202911377 0.4216649532318115 251.76181077957153 2.670119285583496 173.07407093048096 3.1807122230529785 
335
22.78087091445923 0.4843919277191162 176.19706916809082 2.274610757827759 132.85099077224731 3.2959988117218018 
251
19.2746684551239 0.41760683059692383 165.78951716423035 1.8379380702972412 113.9131669998169 2.8535640239715576 
201
