443.3277735710144 2.2575488090515137 1086.8044397830963 8.669583320617676 2057.836574316025 19.49699854850769 
4001
182.60486960411072 1.13045334815979 542.4049532413483 4.336350440979004 1032.065311908722 9.748723268508911 
2001
45.55823564529419 0.4568500518798828 270.924307346344 2.3452749252319336 257.9791386127472 3.936563014984131 
501
34.15523386001587 0.39675402641296387 184.42965841293335 2.627892017364502 177.27743005752563 3.1847710609436035 
335
22.68814706802368 0.46394896507263184 143.61613416671753 2.2069332599639893 134.0281002521515 3.2125658988952637 
251
18.05358600616455 0.40184950828552246 125.93508577346802 1.803548812866211 117.54838824272156 2.7929584980010986 
201
