143.41541481018066 2.3306539058685303 381.78405356407166 8.638068675994873 839.6436207294464 19.475152015686035 
4001
73.05249214172363 1.150550127029419 195.59050107002258 4.337827920913696 419.76477885246277 9.814541101455688 
2001
18.10534906387329 0.4605412483215332 79.61545825004578 2.355863332748413 105.47036409378052 3.634091377258301 
501
12.398151397705078 0.39077067375183105 54.10166954994202 2.614109516143799 70.18726539611816 3.184321641921997 
335
9.135971784591675 0.45854711532592773 30.98669171333313 2.234572410583496 52.275620222091675 3.2023861408233643 
251
7.4327332973480225 0.4047517776489258 23.019155502319336 1.7922515869140625 41.96117925643921 2.790090799331665 
201
