256.9124457836151 2.2410786151885986 726.3730447292328 8.63901972770691 1446.6894979476929 19.709791660308838 
4001
130.11747407913208 1.131654977798462 365.9924359321594 4.417645454406738 723.4105494022369 10.182019233703613 
2001
31.769516944885254 0.46069836616516113 196.02787733078003 2.442782163619995 180.07842350006104 3.631425380706787 
501
20.885873079299927 0.3907744884490967 120.91279292106628 2.5975425243377686 120.25156545639038 3.152886152267456 
335
15.80944538116455 0.45249176025390625 91.51596236228943 2.2067959308624268 90.22628808021545 3.1714894771575928 
251
12.743896961212158 0.39675378799438477 75.44327759742737 1.7941718101501465 72.45878887176514 2.7698304653167725 
201
