363.7043993473053 2.276486396789551 1084.8587629795074 8.989517211914062 2818.600072622299 19.98170280456543 
4001
191.4727087020874 1.1491665840148926 544.0466465950012 4.4601898193359375 1024.4791133403778 10.071483373641968 
2001
45.69345712661743 0.47250962257385254 311.9378261566162 2.4239141941070557 257.7745945453644 3.7505602836608887 
501
31.178140878677368 0.4427824020385742 232.2114520072937 2.8803939819335938 185.55384612083435 3.3977291584014893 
335
22.90295648574829 0.4727203845977783 182.67467546463013 2.3391926288604736 142.98366570472717 3.3786864280700684 
251
18.62517213821411 0.4047250747680664 131.58514428138733 1.9058992862701416 116.12557029724121 2.824650287628174 
201
