270.4836542606354 2.326796770095825 728.8448007106781 8.662972211837769 1441.0257334709167 19.50031304359436 
4001
127.67958068847656 1.1317100524902344 363.1633286476135 4.342092990875244 720.2716624736786 9.81133222579956 
2001
31.812861680984497 0.47353267669677734 182.5295910835266 2.3506994247436523 180.22990441322327 3.661076068878174 
501
20.854714393615723 0.39391517639160156 121.02464747428894 2.648343801498413 120.43448328971863 3.1517202854156494 
335
15.712979555130005 0.4515256881713867 90.8963360786438 2.2049036026000977 90.54384994506836 3.2398133277893066 
251
12.549551248550415 0.40176916122436523 62.597835540771484 1.7940852642059326 72.48344087600708 2.7630832195281982 
201
