544.5596911907196 2.322249174118042 1098.5877997875214 9.05186915397644 2049.686986684799 20.01494860649109 
4001
185.3477053642273 1.1305224895477295 543.411479473114 4.517183303833008 1037.8252880573273 9.944851875305176 
2001
45.64378643035889 0.4695425033569336 271.07379961013794 2.3940064907073975 256.42174530029297 3.748558521270752 
501
30.78297734260559 0.41162872314453125 185.43238377571106 2.694082736968994 178.59542417526245 3.2333126068115234 
335
22.68606400489807 0.48346447944641113 200.77445578575134 2.320444345474243 129.63403820991516 3.26716685295105 
251
18.1219379901886 0.40471744537353516 162.99805641174316 1.8388655185699463 126.85939002037048 2.8066976070404053 
201
