258.41829085350037 2.2884433269500732 726.6038165092468 8.928287029266357 1437.580724477768 20.091354608535767 
4001
129.1140809059143 1.1233222484588623 626.7559809684753 4.490212917327881 721.4766712188721 10.011669635772705 
2001
32.81291747093201 0.4804046154022217 128.89484357833862 2.53155517578125 183.18697571754456 3.79837965965271 
501
21.625459671020508 0.40764594078063965 84.70123052597046 2.7189443111419678 120.3695502281189 3.235297918319702 
335
16.300915718078613 0.4724233150482178 59.38430953025818 2.2984023094177246 90.15964889526367 3.391709566116333 
251
12.848466396331787 0.4225897789001465 44.189704179763794 1.9088938236236572 72.22188210487366 2.833554267883301 
201
