149.43809175491333 2.3283345699310303 415.83916449546814 8.655113697052002 841.5568480491638 19.545300483703613 
4001
74.85716915130615 1.13132643699646 213.98627066612244 4.418449878692627 420.50403475761414 9.803924322128296 
2001
20.235551357269287 0.5152058601379395 60.515119314193726 2.352677345275879 105.2608335018158 3.727074384689331 
501
12.536259174346924 0.397707462310791 51.760751247406006 2.6027631759643555 70.35686087608337 3.127920627593994 
335
9.591959714889526 0.4585552215576172 56.25926184654236 2.2296395301818848 53.31106615066528 3.1936542987823486 
251
7.434431314468384 0.3957638740539551 43.2130560874939 1.8573474884033203 42.38741588592529 2.791314125061035 
201
