147.1950888633728 2.547602415084839 1477.9713625907898 17.966490745544434 983.4255566596985 22.132680654525757 
4001
66.61692476272583 1.1959576606750488 186.66319465637207 4.556090593338013 420.12310338020325 10.1521897315979 
2001
17.108975172042847 0.5302646160125732 47.036346673965454 2.4626128673553467 105.01195120811462 3.8052637577056885 
501
11.132703304290771 0.41967058181762695 33.04265308380127 2.769019365310669 69.98688864707947 3.2677500247955322 
335
8.313788175582886 0.492412805557251 24.164499282836914 2.4428446292877197 52.258649826049805 3.4132823944091797 
251
6.783567905426025 0.42270731925964355 20.23798179626465 1.9100897312164307 41.499114751815796 2.7858927249908447 
201
