149.8372027873993 2.4239888191223145 402.4340796470642 9.233277797698975 843.0145487785339 21.30487847328186 
4001
69.37839484214783 1.2267169952392578 206.91434931755066 4.649693727493286 408.60139894485474 10.136265277862549 
2001
17.37060260772705 0.4984130859375 95.3690869808197 2.4339499473571777 103.85743403434753 3.8073089122772217 
501
11.37348747253418 0.41469407081604004 63.9806342124939 2.7398600578308105 70.01845216751099 3.254211902618408 
335
8.907057046890259 0.4794776439666748 51.14520716667175 2.3392651081085205 52.18130373954773 3.343931198120117 
251
6.713654041290283 0.42462611198425293 46.90376853942871 1.888927936553955 42.22481918334961 2.8615143299102783 
201
