9.375641584396362 0.021926164627075195 30.526190519332886 0.07785391807556152 33.953086853027344 0.15449309349060059 
35
5.737236499786377 0.01105499267578125 24.794133186340332 0.0738372802734375 25.969062089920044 0.09770441055297852 
18
4.155349254608154 0.0059812068939208984 15.394060611724854 0.05489206314086914 15.55800724029541 0.07573843002319336 
6
3.387923240661621 0.005983829498291016 13.029963731765747 0.04983353614807129 12.065028190612793 0.08770108222961426 
4
2.897465705871582 0.005979776382446289 12.510868787765503 0.052866458892822266 12.77930736541748 0.08469700813293457 
4
3.2661426067352295 0.0059833526611328125 12.599230289459229 0.04890799522399902 14.585310697555542 0.08870267868041992 
3
