6.776736259460449 0.023924589157104492 23.119863986968994 0.08379650115966797 25.516267776489258 0.15654444694519043 
35
4.020639657974243 0.010976076126098633 19.138038396835327 0.06987333297729492 18.12411880493164 0.10264754295349121 
18
2.9700684547424316 0.005979299545288086 11.546168804168701 0.056891441345214844 11.474802255630493 0.07674360275268555 
6
2.6782612800598145 0.0059795379638671875 9.98605489730835 0.04984331130981445 7.739112854003906 0.09391999244689941 
4
1.895975112915039 0.006971836090087891 9.24722671508789 0.053885698318481445 9.518299579620361 0.08570575714111328 
4
1.7721073627471924 0.004988193511962891 8.33520793914795 0.049910545349121094 77.09888434410095 0.09178638458251953 
3
