1.3577280044555664 0.02292180061340332 3.2208473682403564 0.07781076431274414 6.4428870677948 0.15647339820861816 
35
0.6838138103485107 0.011041402816772461 2.062412977218628 0.07175922393798828 3.517745018005371 0.09770774841308594 
18
0.23233532905578613 0.00697636604309082 0.5970439910888672 0.05589628219604492 1.0964691638946533 0.08072161674499512 
6
0.14444184303283691 0.005987644195556641 0.4405238628387451 0.04891848564147949 1.7670366764068604 0.09075713157653809 
4
0.14246368408203125 0.006984710693359375 0.3956730365753174 0.05289173126220703 0.8473737239837646 0.08671045303344727 
4
0.13554859161376953 0.005980730056762695 0.28405189514160156 0.05083012580871582 0.5551505088806152 0.09268975257873535 
3
