4.471071481704712 0.02199387550354004 32.29103183746338 0.10365653038024902 27.455095529556274 0.15746808052062988 
35
3.26924467086792 0.01203155517578125 19.467859268188477 0.07385993003845215 23.48002576828003 0.10371637344360352 
18
2.2574431896209717 0.007054328918457031 12.17246675491333 0.05487775802612305 12.06968355178833 0.07974100112915039 
6
3.0698187351226807 0.0059871673583984375 10.1798837184906 0.046849727630615234 8.346616268157959 0.08769965171813965 
4
1.3348026275634766 0.005979299545288086 10.023582696914673 0.050893306732177734 9.828167200088501 0.08467817306518555 
4
2.2654974460601807 0.004983186721801758 10.206725835800171 0.04892301559448242 8.426107168197632 0.08671331405639648 
3
