1.2777066230773926 0.024918079376220703 12.471564769744873 0.07774043083190918 23.54874849319458 0.15963482856750488 
35
1.1671478748321533 0.010970592498779297 6.322506427764893 0.07383012771606445 8.476792097091675 0.10073423385620117 
18
0.8522248268127441 0.00598907470703125 3.6421022415161133 0.05880165100097656 19.936548709869385 0.08179688453674316 
6
0.5811095237731934 0.004983186721801758 2.904723644256592 0.048905134201049805 2.382988214492798 0.08876776695251465 
4
0.32787251472473145 0.005988121032714844 3.7455060482025146 0.0529017448425293 2.4997661113739014 0.08777809143066406 
4
0.2840266227722168 0.005987882614135742 7.230169773101807 0.0957179069519043 6.626989841461182 0.1764836311340332 
3
