1.4741427898406982 0.022922515869140625 4.142771244049072 0.07979583740234375 7.302878379821777 0.15758657455444336 
35
0.7604579925537109 0.011967182159423828 2.5729353427886963 0.0698392391204834 3.8126144409179688 0.09678173065185547 
18
0.25710558891296387 0.00798344612121582 0.9938774108886719 0.053846120834350586 1.713263750076294 0.07382059097290039 
6
0.17637133598327637 0.004990816116333008 6.217923402786255 0.04495501518249512 23.82442855834961 0.08770298957824707 
4
0.2371375560760498 0.006984710693359375 11.809317588806152 0.054885149002075195 24.098079919815063 0.08179187774658203 
4
2.2115910053253174 0.004991054534912109 11.532493829727173 0.047840118408203125 24.17528009414673 0.08767032623291016 
3
