1.4032979011535645 0.02399468421936035 4.280019521713257 0.07682251930236816 7.603164911270142 0.1545557975769043 
35
0.7317125797271729 0.010962724685668945 2.6102378368377686 0.07482433319091797 3.9921088218688965 0.10368037223815918 
18
0.28209853172302246 0.006985187530517578 1.260267734527588 0.057878732681274414 1.276665449142456 0.07682299613952637 
6
0.22719025611877441 0.005980014801025391 0.9529540538787842 0.04595351219177246 12.296082973480225 0.08468008041381836 
4
0.29491496086120605 0.006984710693359375 0.8940432071685791 0.05388975143432617 0.9140162467956543 0.08474612236022949 
4
0.15047502517700195 0.004984855651855469 0.8761067390441895 0.05090808868408203 0.8890900611877441 0.08777403831481934 
3
