4.358993291854858 0.023039579391479492 44.579864263534546 0.08279037475585938 46.05347776412964 0.17240190505981445 
35
4.609812021255493 0.011967897415161133 24.196151733398438 0.07183384895324707 29.29597568511963 0.09675979614257812 
18
1.7610783576965332 0.005979776382446289 18.861263513565063 0.05588221549987793 16.990503072738647 0.08079171180725098 
6
1.4681153297424316 0.0059795379638671875 15.178251266479492 0.04990959167480469 10.342338800430298 0.09080243110656738 
4
5.724840402603149 0.006975650787353516 15.456063508987427 0.052893638610839844 8.592703580856323 0.08578038215637207 
4
5.589513540267944 0.005986213684082031 13.41714334487915 0.04990434646606445 4.734064817428589 0.08582878112792969 
3
