1.4205026626586914 0.022032737731933594 3.882559061050415 0.076812744140625 7.206632614135742 0.15654754638671875 
35
0.6966140270233154 0.010963201522827148 2.3059539794921875 0.07283210754394531 4.051985025405884 0.0987389087677002 
18
0.2700996398925781 0.0059888362884521484 0.8613786697387695 0.05787801742553711 1.5720350742340088 0.0748140811920166 
6
0.16843581199645996 0.004984140396118164 0.6111421585083008 0.044918060302734375 0.8431229591369629 0.08577775955200195 
4
0.16146159172058105 0.005988597869873047 0.6042053699493408 0.05190587043762207 0.8670938014984131 0.08677196502685547 
4
0.13750648498535156 0.005988597869873047 0.512293815612793 0.051930904388427734 0.6578190326690674 0.09475040435791016 
3
