5.073570013046265 0.02303457260131836 25.552872896194458 0.07685089111328125 27.283836364746094 0.1594676971435547 
35
3.5912458896636963 0.01099848747253418 20.046159267425537 0.07375335693359375 21.041851043701172 0.09973263740539551 
18
2.4939377307891846 0.005985260009765625 12.221428155899048 0.05490756034851074 14.112368106842041 0.07880139350891113 
6
2.151934862136841 0.005971193313598633 9.687585353851318 0.04890704154968262 8.492231130599976 0.08767437934875488 
4
1.2797014713287354 0.005980014801025391 10.643965005874634 0.052933692932128906 7.730297565460205 0.0857248306274414 
4
1.0923938751220703 0.004951953887939453 7.916041851043701 0.047818899154663086 8.55483102798462 0.08770275115966797 
3
