3.1129872798919678 0.022031307220458984 23.694923877716064 0.07880592346191406 24.057796001434326 0.16053104400634766 
35
2.522615909576416 0.011061429977416992 19.57266116142273 0.07282638549804688 21.44623351097107 0.10475039482116699 
18
2.142954111099243 0.005987644195556641 11.76479196548462 0.05581331253051758 13.125043153762817 0.07780027389526367 
6
1.5078470706939697 0.005980253219604492 8.799636602401733 0.047911643981933594 6.710314989089966 0.0926828384399414 
4
1.0115528106689453 0.005988121032714844 8.516695261001587 0.052816152572631836 8.151542663574219 0.0847768783569336 
4
2.7173032760620117 0.004975080490112305 8.104989290237427 0.04994058609008789 11.715142726898193 0.09076166152954102 
3
