3.0378408432006836 0.021987199783325195 24.692484617233276 0.07674384117126465 25.95723271369934 0.1585369110107422 
35
2.4768803119659424 0.011053800582885742 17.80268907546997 0.07474756240844727 16.991406440734863 0.1017296314239502 
18
2.3391377925872803 0.005980491638183594 10.692420482635498 0.05393052101135254 8.771807432174683 0.0797262191772461 
6
8.71330976486206 0.005987882614135742 10.753717184066772 0.0499114990234375 6.9592719078063965 0.08777809143066406 
4
0.8810486793518066 0.006974697113037109 7.631034851074219 0.05382084846496582 5.735203266143799 0.08679723739624023 
4
1.095433235168457 0.00597381591796875 6.0527989864349365 0.04890751838684082 4.347983360290527 0.08979249000549316 
3
