2.207714796066284 0.023954391479492188 12.941686153411865 0.08578252792358398 16.58037829399109 0.1774752140045166 
35
3.1594324111938477 0.010970592498779297 40.297613859176636 0.0718386173248291 11.880971193313599 0.10065603256225586 
18
1.030782699584961 0.005979299545288086 6.078557729721069 0.053897857666015625 4.327794790267944 0.0768129825592041 
6
0.7225549221038818 0.005988121032714844 5.282527446746826 0.04795265197753906 2.7856028079986572 0.08977365493774414 
4
2.7082746028900146 0.0059871673583984375 3.954580068588257 0.05389666557312012 4.182788848876953 0.08577799797058105 
4
1.2260315418243408 0.005980253219604492 3.601088285446167 0.049901723861694336 2.2876429557800293 0.08976006507873535 
3
