19.972596883773804 0.023047685623168945 25.998404264450073 0.07881331443786621 62.73912310600281 0.15755152702331543 
35
2.5776848793029785 0.011068105697631836 14.658034324645996 0.07286810874938965 16.885571479797363 0.10072803497314453 
18
1.4753220081329346 0.0069768428802490234 9.002526998519897 0.056864023208618164 19.771175384521484 0.08179044723510742 
6
0.8961687088012695 0.005980491638183594 8.815743923187256 0.05093526840209961 9.880170822143555 0.08976387977600098 
4
1.1026225090026855 0.006975650787353516 6.9230732917785645 0.05481672286987305 5.0534796714782715 0.08677148818969727 
4
3.1978375911712646 0.005980014801025391 6.415720224380493 0.049909353256225586 6.16594934463501 0.09075617790222168 
3
