7.393172740936279 0.023005962371826172 37.08586049079895 0.08072638511657715 37.01120400428772 0.16045260429382324 
35
5.551584482192993 0.011958599090576172 31.413580656051636 0.07375597953796387 27.731559991836548 0.10066819190979004 
18
6.163671970367432 0.006981849670410156 19.71389651298523 0.054863929748535156 24.668758392333984 0.07873129844665527 
6
2.6364669799804688 0.004988431930541992 15.272347211837769 0.05093646049499512 15.90287971496582 0.09069991111755371 
4
2.5634050369262695 0.0060575008392333984 15.35526704788208 0.052932024002075195 21.837100744247437 0.08269596099853516 
4
8.216827869415283 0.004984617233276367 14.50359559059143 0.05189704895019531 15.861595392227173 0.08567571640014648 
3
