2.99210262298584 0.02201390266418457 17.833651065826416 0.07780814170837402 18.75865650177002 0.1575479507446289 
35
2.0680718421936035 0.011064529418945312 13.802473306655884 0.07574725151062012 14.947745323181152 0.10072779655456543 
18
1.4182066917419434 0.006075143814086914 8.154609680175781 0.05492663383483887 8.856787919998169 0.07879781723022461 
6
1.8109331130981445 0.005987644195556641 8.358525514602661 0.048917293548583984 4.642997980117798 0.09092974662780762 
4
0.7237429618835449 0.005973339080810547 5.622430086135864 0.053817033767700195 34.856343507766724 0.08478713035583496 
4
0.7992672920227051 0.004990816116333008 5.837195873260498 0.04890704154968262 3.9518394470214844 0.09178304672241211 
3
